#{"t_start": 1566516505.5591726, "env_id": null}
r,l,t
4,42,0.71113
5,60,0.828363
3,55,0.935244
8,64,1.068128
11,43,1.155772
17,66,1.31165
11,63,1.45464
21,103,1.685237
18,63,1.845723
4,37,1.95418
17,50,2.090952
9,42,2.182088
22,53,2.288292
17,46,2.384853
6,51,2.492337
13,60,2.621845
17,62,2.770838
7,44,2.878167
5,62,3.0368
2,44,3.141896
5,56,3.286213
8,77,3.449001
27,75,3.597681
13,103,3.860115
14,69,4.027727
2,52,4.123513
1,43,4.204004
10,47,4.290814
8,47,4.380745
0,76,4.553713
18,63,4.703145
0,82,4.887398
30,103,5.117109
26,86,5.881949
10,48,5.982866
3,54,6.099576
35,80,6.262
8,42,6.337704
4,37,6.412997
18,69,6.56473
22,61,6.686799
2,73,6.843609
10,117,7.103909
2,43,7.211485
31,86,7.465455
22,151,7.810983
7,68,7.985698
12,63,8.145834
25,55,8.29754
27,82,8.522148
21,67,8.649397
13,60,8.763205
10,46,8.84416
0,57,8.9512
13,58,9.071396
14,69,9.227018
22,56,9.347766
10,69,9.514702
8,44,9.613505
10,44,9.71467
14,52,9.823005
6,48,9.932637
6,45,10.032155
0,54,10.160536
5,57,10.297974
20,67,10.84919
0,66,11.011747
14,62,11.133819
40,103,11.39452
6,72,11.600844
42,109,11.84527
10,42,11.936095
20,66,12.087847
0,55,12.211119
8,55,12.327473
1,88,12.536038
11,79,12.725491
13,74,12.870253
23,92,13.075763
25,82,13.254081
25,111,13.513419
0,50,13.614398
39,79,13.801565
11,71,13.951841
14,90,14.167298
5,51,14.27787
7,49,14.387952
18,77,14.574909
8,78,14.761035
22,77,14.958266
0,68,15.122774
36,93,15.362508
22,68,15.513373
9,54,16.100605
19,80,16.298756
17,76,16.496761
25,93,16.726763
12,57,16.846699
19,93,17.068822
10,72,17.20969
47,120,17.487451
27,67,17.63463
60,175,18.023256
28,130,18.305859
2,92,18.502112
41,126,18.767169
26,100,18.97243
62,160,19.299997
16,76,19.452961
9,119,19.70934
9,64,19.84614
17,148,20.197331
14,110,20.422175
1,72,21.011113
33,120,21.320177
0,78,21.502657
17,91,21.71261
10,77,21.894633
20,113,22.177581
47,114,22.450959
27,125,22.712844
19,107,22.999605
34,126,23.409251
7,124,23.769443
39,113,24.022064
5,95,24.221125
17,116,24.46593
5,115,24.726644
21,103,24.985039
44,114,25.219377
6,69,25.382918
6,63,25.528432
2,128,25.829847
0,118,26.565139
19,113,26.827825
23,244,27.49375
47,129,27.890541
16,136,28.194146
0,81,28.373806
36,139,28.673379
8,84,28.863862
3,94,29.094068
17,86,29.280617
10,84,29.476995
33,91,29.676678
14,152,30.011587
35,122,30.289889
15,100,30.500782
97,191,30.945044
19,88,31.146357
4,99,31.833713
42,109,32.068629
4,90,32.299904
57,170,32.760207
38,149,33.105778
54,126,33.386566
28,90,33.578781
0,106,33.788618
7,100,33.99258
41,116,34.231717
7,64,34.35549
48,150,34.669541
15,102,34.876539
17,105,35.084107
10,98,35.274976
42,115,35.50658
0,134,35.778106
6,110,36.003787
6,112,36.631629
54,150,36.941483
31,114,37.178012
0,103,37.39934
38,176,37.756472
17,132,38.038748
3,114,38.266079
46,182,38.647056
0,94,38.823458
9,119,39.067308
43,129,39.337108
7,89,39.515807
81,191,39.913502
25,149,40.218099
25,104,40.433627
10,113,40.657917
66,155,41.396314
8,103,41.619023
26,139,41.905379
8,126,42.172714
14,98,42.365896
0,84,42.53803
31,103,42.746817
7,118,42.986879
53,136,43.270094
9,116,43.527991
63,151,43.829959
53,168,44.20476
38,120,44.447977
0,119,44.69394
2,105,44.902218
0,98,45.098766
89,217,45.968403
13,95,46.171609
83,198,46.618549
24,135,46.89939
36,108,47.118317
21,136,47.403308
2,138,47.687971
0,142,47.975609
22,126,48.232696
0,85,48.403207
37,160,48.72985
0,98,48.92576
0,99,49.123013
65,149,49.438903
28,143,49.731448
19,89,49.905889
17,118,50.551047
46,245,51.067608
50,131,51.334437
48,161,51.682019
4,113,51.91234
45,140,52.199075
98,292,52.813668
6,114,53.04381
41,138,53.326344
20,97,53.515123
13,147,53.819754
60,179,54.202743
0,104,54.423067
14,129,54.689499
30,119,55.34417
32,136,55.652
75,173,56.026922
36,144,56.330779
0,114,56.577215
52,145,56.913402
0,113,57.15965
47,123,57.428261
99,181,57.830258
11,100,58.041797
7,90,58.230961
19,129,58.507909
49,164,58.867795
57,191,59.283144
42,118,59.537852
60,135,60.286412
76,166,60.662294
31,178,61.056598
104,220,61.525319
25,167,61.884826
5,119,62.143354
41,167,62.499015
4,108,62.73901
11,124,63.024527
0,99,63.237144
112,222,63.737241
28,187,64.14408
119,220,65.056878
91,223,65.584893
37,250,66.126336
21,126,66.395986
26,130,66.666355
113,242,67.198364
50,207,67.662981
35,133,67.951906
66,209,68.395878
22,139,68.695753
110,255,69.246895
31,128,69.971092
171,346,70.764482
35,120,71.021573
22,119,71.275769
10,114,71.524217
16,137,71.823542
0,85,72.003795
27,243,72.532075
140,322,73.26714
7,215,73.758835
69,258,74.319166
13,96,74.968609
32,157,75.339699
0,105,75.571285
56,168,75.938613
32,151,76.260183
61,149,76.579938
16,159,76.926352
150,260,77.49923
18,176,77.8777
38,133,78.170485
49,163,78.521784
3,104,78.741096
20,128,79.011446
60,176,79.828494
104,190,80.270438
41,139,80.578289
37,133,80.884383
44,169,81.258196
47,291,81.901066
32,143,82.209149
0,132,82.506196
74,168,82.884896
12,155,83.224495
29,203,83.670151
10,110,83.907701
33,131,84.195966
44,145,85.020638
69,174,85.422981
154,286,86.05422
0,97,86.257681
23,142,86.559043
105,210,87.022171
55,158,87.378702
18,164,87.761859
20,136,88.071033
70,180,88.496886
93,218,89.030805
0,128,89.296192
0,113,90.0597
35,140,90.399893
6,127,90.711172
18,126,90.982775
79,185,91.396471
141,258,91.974607
13,162,92.322898
32,134,92.617945
47,162,92.985426
48,157,93.325963
40,151,93.648434
15,129,93.925584
29,156,94.259911
34,196,95.166476
40,171,95.567852
28,144,95.877948
18,138,96.17568
26,167,96.554532
116,245,97.122334
21,136,97.421703
47,162,97.785847
56,170,98.179712
65,187,98.608385
79,218,99.101301
25,147,99.424529
59,195,100.315984
34,175,100.718072
76,225,101.232753
4,156,101.568849
102,226,102.074544
0,139,102.391197
0,166,102.763346
38,149,103.085163
52,174,103.462609
56,167,103.830043
74,193,104.254629
45,189,105.328574
58,188,105.802562
13,140,106.114742
59,168,106.477202
59,175,106.860907
22,143,107.16832
128,237,107.690151
50,157,108.034018
123,245,108.573475
64,173,108.948811
11,169,109.308647
118,337,110.519187
0,106,110.753459
49,168,111.125769
31,144,111.432957
54,177,111.841256
3,131,112.124157
21,154,112.455961
82,219,112.942667
121,233,113.460449
61,165,113.835545
111,243,114.3703
100,215,115.280349
98,212,115.789561
40,152,116.137232
35,260,116.712853
0,134,116.992986
36,138,117.2909
106,238,117.830287
41,164,118.182218
12,158,118.523104
125,278,119.145641
122,244,119.692468
81,230,120.677532
161,272,121.286592
36,199,121.734952
29,145,122.046036
24,144,122.356579
118,242,122.886823
199,330,123.632856
6,157,123.976281
78,232,124.492218
75,194,125.380568
13,132,125.68516
0,167,126.045001
264,392,126.91377
4,145,127.230243
81,199,127.660219
202,341,128.416741
43,153,128.755699
25,147,129.087878
95,215,129.548166
0,121,130.243344
72,178,130.668287
75,265,131.257999
45,180,131.658401
71,246,132.21294
107,308,132.900483
64,197,133.34452
64,198,133.785339
45,187,134.192234
38,150,134.515034
84,215,135.461693
29,182,135.878151
59,189,136.305614
133,243,136.854024
44,187,137.256555
76,203,137.711844
64,171,138.073307
19,151,138.392993
15,155,138.738354
41,184,139.144714
36,162,139.496578
64,211,140.411419
25,145,140.750063
59,170,141.129954
178,296,141.794794
24,147,142.123085
68,183,142.529233
25,166,142.884799
60,178,143.276804
58,170,143.649862
48,169,144.017509
40,158,144.354035
51,158,144.693517
20,162,145.530716
231,335,146.281451
99,263,146.869765
47,186,147.283047
117,235,147.801142
87,211,148.260852
43,165,148.622144
97,216,149.094883
52,162,149.446042
42,157,150.22279
44,168,150.627722
24,148,150.958341
66,277,151.576124
22,139,151.879652
47,200,152.317593
73,220,152.794292
44,178,153.186644
0,133,153.467559
64,165,153.830016
41,167,154.203398
1,123,154.466056
93,220,155.415599
14,169,155.793414
34,204,156.235436
74,198,156.673257
57,180,157.07548
39,160,157.427818
13,149,157.756225
31,141,158.062261
54,166,158.425218
77,204,158.892639
33,158,159.250154
54,177,159.647943
65,218,160.607219
77,212,161.090053
64,190,161.504233
110,236,162.041448
48,206,162.491968
70,208,162.945816
71,186,163.350648
24,141,163.655985
171,305,164.329521
20,157,164.663605
43,159,165.482691
169,287,166.118571
53,191,166.532638
42,188,166.941948
71,219,167.423559
130,256,167.986767
81,282,168.619235
47,171,168.988742
23,144,169.297827
18,148,169.626829
23,180,170.484229
9,155,170.831436
53,171,171.201444
41,192,171.628723
39,215,172.110973
50,186,172.513848
37,172,172.894286
45,194,173.382042
45,201,173.989291
41,175,174.37942
240,434,175.843699
0,168,176.229338
99,275,176.84797
36,185,177.258797
186,333,178.022517
87,268,178.612645
86,226,179.107721
42,174,179.494005
49,173,179.885876
3,219,180.843026
20,169,181.231068
108,260,181.826858
0,202,182.274653
0,134,182.575565
9,163,182.933712
56,214,183.405863
89,218,183.899704
15,165,184.267878
7,162,184.620737
260,388,185.962023
103,288,186.617778
48,161,186.975688
58,185,187.388392
0,128,187.672411
0,135,187.957093
31,170,188.330191
124,253,188.891047
10,146,189.209454
154,285,189.853865
41,158,190.65252
65,227,191.189736
0,141,191.499346
52,195,191.920862
45,172,192.317095
128,339,193.084666
40,181,193.476596
38,265,194.067019
54,206,194.529016
71,194,194.950439
53,170,195.791515
154,319,196.52829
6,148,196.856433
25,140,197.161551
29,161,197.511427
101,218,197.991829
41,170,198.360825
43,169,198.739268
104,224,199.221013
39,302,199.906242
95,200,200.79759
164,293,201.469401
124,341,202.233592
31,155,202.580686
23,153,202.912457
3,138,203.201089
17,155,203.523233
58,218,204.007312
90,203,204.452186
40,197,204.896884
156,381,206.233056
100,226,206.740889
111,265,207.335379
0,131,207.617289
40,191,208.040683
46,208,208.510066
48,193,208.937777
25,173,209.310086
39,169,209.664186
1,150,209.986372
38,181,210.842808
29,188,211.256969
26,182,211.650747
0,134,211.953434
68,186,212.368918
70,195,212.788737
56,179,213.177691
25,184,213.577462
98,230,214.078756
69,207,214.550889
0,143,214.850978
112,293,215.964222
119,234,216.495953
70,191,216.925969
13,157,217.257535
53,177,217.64045
22,136,217.937916
2,129,218.236986
26,146,218.555258
65,271,219.157836
0,163,219.506075
87,228,220.008531
0,121,220.712732
8,163,221.075629
23,158,221.430445
41,278,222.045624
37,138,222.347163
52,158,222.695883
53,172,223.069683
34,217,223.541432
17,162,223.88987
95,202,224.323244
34,174,224.702706
51,234,225.68712
44,151,226.037926
17,135,226.339628
17,146,226.657979
20,139,226.954315
66,196,227.384139
86,190,227.802741
25,206,228.254905
0,120,228.570418
10,137,229.008664
54,154,229.377116
81,232,229.890927
27,138,230.62294
76,254,231.231147
44,149,231.568629
49,179,231.979954
78,195,232.415058
3,145,232.731179
32,262,233.306335
83,194,233.723072
24,136,234.030968
23,139,234.32771
117,260,234.91805
154,298,236.047502
121,235,236.574428
162,299,237.259
0,132,237.539101
55,189,237.949195
30,146,238.261152
86,258,238.835467
102,283,239.484202
40,150,239.805916
33,173,240.181691
95,218,241.142504
57,174,241.526092
32,146,241.842359
90,240,242.367833
40,167,242.738562
62,189,243.162822
67,170,243.544195
160,300,244.215688
51,172,244.579857
137,252,245.142812
50,174,246.010719
41,162,246.372432
111,206,246.827558
31,131,247.111169
99,226,247.616324
78,197,248.046025
52,154,248.372975
73,176,248.754303
84,186,249.164865
45,185,249.577455
82,242,250.114204
67,181,250.987036
2,142,251.30986
76,218,251.802529
79,191,252.221673
15,151,252.551143
47,164,252.905947
285,413,253.838807
66,189,254.254651
36,182,254.647502
29,147,254.965758
41,148,255.734035
18,127,256.033644
61,184,256.45037
6,221,256.936284
64,183,257.337329
136,282,257.954695
64,218,258.431334
75,199,258.86661
82,231,259.379224
87,194,259.800171
217,359,261.082995
2,113,261.328866
59,163,261.687272
13,142,261.998672
79,193,262.432175
18,136,262.72192
73,182,263.126088
163,278,263.73453
92,255,264.297742
45,220,264.791065
109,264,265.842367
81,201,266.304071
67,226,266.796995
4,129,267.081255
41,136,267.383417
38,145,267.695724
112,228,268.213704
67,166,268.579032
29,172,268.958561
112,294,269.617826
60,253,270.186019
0,110,270.89878
35,164,271.271758
80,186,271.693689
11,140,272.001205
41,151,272.336368
29,159,272.693671
44,172,273.08725
29,140,273.397235
39,178,273.795959
75,224,274.28635
54,216,274.795305
0,127,275.067664
38,142,275.828961
71,174,276.239879
44,197,276.684949
136,297,277.349269
19,146,277.700491
26,146,278.0514
42,190,278.570882
125,284,279.281064
27,154,279.678109
49,161,280.064928
31,153,280.490118
66,178,281.478
19,135,281.845807
53,167,282.240918
44,165,282.620352
60,184,283.039526
1,132,283.385274
20,153,283.742458
0,122,284.013288
63,196,284.470004
63,193,284.892625
29,228,285.443928
58,203,285.906136
18,136,286.683324
21,184,287.120496
21,135,287.425564
0,127,287.700212
44,179,288.105805
9,151,288.464926
65,197,288.892078
104,237,289.478845
43,196,289.894213
82,204,290.338626
20,174,290.727051
33,156,291.064526
31,141,291.846882
0,128,292.1332
99,203,292.602185
51,159,292.959335
88,200,293.401235
48,155,293.734312
44,146,294.055278
17,130,294.336194
33,140,294.655298
76,198,295.085438
108,253,295.632877
48,172,296.00879
80,201,297.11789
23,131,297.420723
0,117,297.67755
76,189,298.100143
47,150,298.434347
0,124,298.71603
0,101,298.932998
61,170,299.306204
64,174,299.683856
50,158,300.041374
48,143,300.35455
11,163,300.715198
48,153,301.053658
45,144,301.381549
45,134,302.149318
12,151,302.499688
0,149,302.832469
51,149,303.162043
0,163,303.521816
35,154,303.86837
47,178,304.266834
0,128,304.541198
56,150,304.875337
0,123,305.145226
0,187,305.55133
128,229,306.067644
189,333,307.297843
46,190,307.735479
99,203,308.176081
27,240,308.715116
84,170,309.085973
29,145,309.416982
71,169,309.795534
73,168,310.171139
33,166,310.533123
17,143,310.853922
92,193,311.291275
137,223,312.260822
83,184,312.676302
44,140,312.979506
65,154,313.317448
25,126,313.592878
61,156,313.941773
43,220,314.443635
137,240,314.975835
43,146,315.297163
51,147,315.617651
33,130,315.895885
56,150,316.227933
93,192,317.116991
99,190,317.565877
56,144,317.877556
49,179,318.268139
59,197,318.705709
23,134,318.996489
35,152,319.322067
56,154,319.660211
23,144,319.971042
162,263,320.564484
48,144,320.884434
0,116,321.137151
69,173,321.516394
68,168,322.358412
15,174,322.751319
53,156,323.095894
81,172,323.472749
85,196,323.916276
0,105,324.134167
56,152,324.459754
57,150,324.792094
58,206,325.246085
43,138,325.542837
10,120,325.797754
0,136,326.093197
136,227,327.042869
60,154,327.405857
40,134,327.706291
44,209,328.170744
56,152,328.503222
34,127,328.783052
37,165,329.154863
21,124,329.424984
1,122,329.692978
40,178,330.090789
0,114,330.334494
124,346,331.114144
83,212,332.045192
46,146,332.388799
57,157,332.73839
57,175,333.121327
0,109,333.356609
14,126,333.627235
29,140,333.93226
31,135,334.240083
49,157,334.594997
40,140,334.900339
142,255,335.466973
33,134,335.756894
224,324,336.479872
24,133,337.234472
88,262,337.830181
69,168,338.191803
145,245,338.745443
137,231,339.267652
113,212,339.748441
52,158,340.096491
31,132,340.384262
47,147,340.708818
74,162,341.07093
62,161,341.435483
42,136,342.205838
22,127,342.502119
75,164,342.86552
56,145,343.173649
39,129,343.449602
60,214,343.924736
0,115,344.184274
42,144,344.509222
193,287,345.148626
96,191,345.575318
81,179,345.96301
31,130,346.235751
62,214,347.181234
0,115,347.440444
35,131,347.730657
75,166,348.093041
87,190,348.508369
7,119,348.766968
10,123,349.029732
101,211,349.493448
10,120,349.753733
76,179,350.138649
45,138,350.437541
51,185,350.84406
40,130,351.127609
89,199,352.027062
34,137,352.347136
42,153,352.692921
50,163,353.052991
105,208,353.509757
58,186,353.916058
76,179,354.312672
67,178,354.698252
56,172,355.085525
50,144,355.396043
45,155,355.749222
49,159,356.093435
41,146,356.406614
52,144,357.18043
94,203,357.641952
27,128,357.922701
97,212,358.397415
25,123,358.663691
279,413,359.600608
48,152,359.940833
84,179,360.32978
120,225,360.844721
0,112,361.088364
78,176,361.476333
121,210,362.408472
46,145,362.731037
64,170,363.103652
18,175,363.501883
51,150,363.844034
28,123,364.109503
31,147,364.431327
92,231,364.944694
216,316,365.653735
106,204,366.127242
104,202,367.011811
43,135,367.337955
56,147,367.667146
63,175,368.037814
38,131,368.32084
105,215,368.788498
33,123,369.043927
78,184,369.447456
43,136,369.744608
34,159,370.087291
0,102,370.306201
105,195,370.735959
33,131,371.024945
32,127,371.302868
40,138,372.068273
18,125,372.360748
86,184,372.774434
54,147,373.097462
15,123,373.361111
19,118,373.61034
48,145,373.929985
22,132,374.217583
0,116,374.468678
113,210,374.951538
33,131,375.239161
56,171,375.614192
87,182,376.016147
109,247,377.010081
148,248,377.584832
64,157,377.935544
32,125,378.216417
38,136,378.506881
0,110,378.740572
40,174,379.122586
82,184,379.617345
8,122,379.983061
0,113,380.262339
54,146,380.582065
86,210,381.044008
91,191,381.463138
51,174,382.313658
52,174,382.709663
30,127,382.988403
31,136,383.28004
0,114,383.530425
72,171,383.906764
1,119,384.166004
122,276,384.775119
26,133,385.063409
44,169,385.433226
53,151,385.770114
154,255,386.356151
50,178,387.195361
187,287,387.888129
60,187,388.309045
78,191,388.739383
65,162,389.099657
16,116,389.342997
98,211,389.81283
136,245,390.364591
106,225,390.867003
34,132,391.146971
46,166,391.510959
0,112,392.195712
181,297,392.91119
43,146,393.229515
38,124,393.493667
62,162,393.854686
68,178,394.24165
9,116,394.500044
144,234,395.036959
38,138,395.341222
88,192,395.763089
0,105,395.98606
32,130,396.269634
16,121,396.530627
60,170,397.372805
51,143,397.688708
38,140,397.996484
84,189,398.419096
0,102,398.630987
36,154,398.960519
139,247,399.5006
61,160,399.847133
18,131,400.132038
0,150,400.465589
70,152,400.806657
131,257,401.377101
51,155,402.158424
74,165,402.551
42,137,402.856132
75,183,403.259808
50,150,403.58607
65,167,403.954637
0,115,404.206788
55,145,404.522582
76,176,404.912049
58,141,405.211339
69,163,405.576875
77,205,406.038839
139,241,406.569334
3,153,407.362091
45,163,407.734282
1,114,407.99039
0,109,408.223498
107,211,408.687603
82,174,409.062419
48,145,409.383251
45,154,409.719781
64,173,410.094878
61,162,410.451828
0,98,410.659133
11,113,410.905397
43,130,411.185159
72,174,411.562648
70,191,412.465486
15,146,412.782921
51,149,413.103544
57,174,413.478944
136,242,414.023505
65,162,414.371572
46,149,414.700604
43,145,415.00973
62,153,415.339209
44,154,415.667802
0,115,415.916376
35,148,416.245497
94,192,417.135801
62,172,417.532123
40,163,417.900842
79,196,418.336389
16,117,418.579573
18,122,418.844622
29,132,419.134763
77,196,419.578511
67,187,419.989084
149,293,420.645965
40,169,421.024369
0,117,421.277579
40,149,422.04257
147,245,422.612548
34,134,422.906295
122,236,423.436457
27,139,423.728214
158,257,424.298558
70,160,424.63943
31,129,424.918123
0,107,425.144633
38,145,425.464345
42,147,425.779164
67,160,426.130015
107,199,427.01601
120,211,427.510936
107,198,427.946662
109,198,428.380703
44,138,428.675519
104,209,429.134971
23,128,429.420651
6,109,429.655986
32,132,429.947084
24,118,430.203315
76,161,430.561904
15,114,430.813339
52,142,431.131285
44,144,431.445951
17,136,432.218107
62,153,432.572049
138,241,433.102481
150,254,433.652193
67,166,434.010984
0,111,434.247204
0,116,434.502371
35,129,434.782548
138,248,435.334376
37,139,435.629013
59,158,435.977328
0,124,436.24208
0,108,436.929902
39,136,437.257174
130,250,437.812004
8,116,438.062012
108,219,438.540978
3,125,438.809823
26,119,439.073395
62,146,439.397877
107,216,439.858619
20,133,440.14798
114,219,440.646781
85,196,441.075588
19,118,441.339014
73,167,442.179272
43,135,442.480884
52,168,442.862862
55,143,443.182155
69,160,443.530057
39,140,443.841285
41,133,444.139017
15,117,444.394061
31,165,444.760855
60,146,445.073879
122,221,445.554644
37,137,445.861764
81,172,446.232224
73,159,447.102957
85,186,447.665661
0,129,447.967764
110,200,448.415599
0,123,448.689365
23,115,448.929053
45,141,449.249829
34,157,449.59073
40,129,449.8648
0,98,450.07113
0,116,450.328391
40,148,450.651484
140,241,451.196798
51,147,451.524704
106,206,452.470215
74,171,452.849062
171,285,453.501522
27,125,453.775698
42,157,454.132445
110,210,454.603925
43,136,454.90655
0,120,455.165705
233,336,455.939334
57,158,456.288224
48,158,456.641553
230,341,457.891701
85,176,458.283524
0,111,458.516927
58,194,458.939693
60,160,459.291319
34,131,459.58653
59,179,459.978921
22,146,460.300126
60,167,460.659941
12,116,460.910837
39,131,461.192857
21,124,461.464751
60,161,462.283257
58,154,462.64742
134,238,463.166866
84,182,463.566875
59,158,463.91996
70,191,464.331411
31,129,464.615026
24,123,464.884206
41,132,465.178667
80,176,465.571599
102,208,466.026026
94,203,466.465184
118,218,467.433897
42,132,467.725476
96,225,468.229343
50,160,468.578745
0,115,468.82447
53,165,469.187508
48,136,469.485276
52,142,469.795192
84,174,470.173837
50,140,470.47495
31,132,470.758889
0,96,470.971109
48,144,471.27442
61,149,471.598387
44,137,472.379324
59,156,472.745817
57,148,473.075781
52,158,473.423745
184,283,474.052942
74,176,474.437623
67,187,474.856409
64,161,475.223674
43,144,475.539555
50,155,475.873055
66,171,476.245754
86,205,477.158245
61,164,477.552499
26,126,477.820498
58,158,478.159428
86,201,478.6096
105,218,479.086629
47,157,479.430758
66,163,479.788885
51,146,480.112385
47,148,480.435509
55,168,480.795413
64,156,481.131608
96,195,481.582494
47,146,482.369649
73,180,482.766408
20,142,483.075257
51,148,483.393186
42,157,483.748569
242,359,484.551672
146,241,485.078075
0,113,485.317621
80,185,485.725854
57,150,486.053165
70,159,486.394379
112,231,487.384498
30,125,487.67318
67,169,488.044214
65,178,488.426453
0,105,488.658774
34,134,488.954479
108,196,489.393608
53,150,489.720131
20,112,489.966406
68,194,490.392838
38,135,490.690166
149,242,491.233286
0,99,491.442547
48,186,492.331486
57,156,492.690663
78,166,493.056375
229,342,493.840837
68,163,494.197953
36,144,494.506805
62,171,494.884723
88,189,495.3036
0,126,495.578266
32,141,495.882329
28,144,496.196348
51,155,496.5535
40,147,497.347639
0,136,497.647795
36,140,497.96157
83,180,498.370328
51,146,498.695699
44,143,499.015023
91,184,499.423531
29,128,499.700339
40,136,500.002603
69,183,500.404827
95,207,500.860446
0,118,501.107388
31,134,501.400068
144,243,502.414401
17,127,502.694226
124,231,503.201918
102,216,503.673747
82,188,504.094871
31,130,504.374538
14,123,504.634044
50,151,504.966641
59,151,505.294047
61,165,505.652089
80,198,506.092368
35,129,506.36448
18,121,507.059487
28,123,507.346977
35,130,507.72559
22,116,508.084197
61,161,508.467554
99,199,508.908614
47,141,509.224181
108,210,509.693029
96,186,510.122904
60,165,510.480179
38,148,510.803764
41,132,511.097065
45,146,511.427994
44,134,511.728108
64,159,512.535235
144,265,513.147879
10,135,513.443326
40,140,513.758828
73,188,514.17955
40,155,514.535699
52,156,514.900229
44,144,515.213225
72,160,515.562879
37,144,515.885909
101,216,516.395245
45,152,516.724335
60,157,517.542912
76,174,517.929556
109,202,518.378227
70,165,518.751209
94,184,519.166153
69,164,519.523183
52,145,519.838536
54,149,520.169667
42,142,520.488951
36,135,520.79079
101,195,521.231412
42,146,521.548633
40,133,521.842586
1,119,522.573658
108,194,523.02168
4,110,523.256412
0,152,523.584567
39,133,523.872329
70,190,524.303292
18,120,524.568176
34,126,524.838904
77,165,525.201117
12,120,525.462001
0,115,525.720389
92,179,526.120206
22,122,526.388595
68,163,526.745345
32,131,527.488887
87,173,527.893708
0,112,528.140143
112,202,528.587261
53,176,528.968076
78,182,529.37286
76,168,529.738361
28,126,530.019802
105,195,530.46518
0,156,530.813048
1,116,531.059982
157,257,531.628186
64,148,532.41013
52,142,532.748945
72,188,533.164372
93,212,533.624462
184,300,534.297747
9,120,534.55318
82,201,535.011339
20,121,535.275715
153,249,535.829605
40,166,536.202171
0,100,536.418505
62,196,536.840772
48,145,537.63752
32,129,537.926279
68,174,538.306599
64,175,538.695108
7,117,538.941983
7,108,539.174719
39,138,539.473658
11,169,539.858669
62,167,540.226459
28,125,540.488294
6,111,540.722891
33,129,541.007818
94,182,541.415373
31,137,541.709347
54,149,542.502928
50,145,542.841993
60,160,543.189627
79,174,543.570999
59,166,543.939644
73,159,544.301273
10,118,544.559204
84,178,544.949664
167,260,545.523857
51,136,545.820936
31,119,546.076687
58,162,546.444304
66,195,547.307058
51,143,547.648521
93,185,548.054816
66,153,548.395761
101,197,548.837863
0,108,549.062382
0,114,549.301958
65,153,549.638445
121,246,550.201462
46,162,550.557055
0,137,550.843689
27,127,551.113225
23,130,551.395985
13,117,551.652833
24,122,552.369303
32,117,552.638647
44,132,552.935103
44,134,553.220231
47,143,553.526506
142,252,554.091063
72,219,554.596171
70,156,554.946695
60,147,555.262354
42,140,555.578088
75,171,555.949774
106,191,556.379589
28,130,556.661128
18,112,557.354682
51,159,557.719913
57,155,558.056815
31,125,558.332639
59,143,558.647847
96,185,559.055649
25,138,559.358303
162,255,559.928138
33,127,560.317034
28,122,560.681015
93,184,561.111975
120,211,561.586331
0,106,561.814824
68,174,562.683813
136,238,563.238705
72,175,563.629378
175,273,564.245559
48,150,564.588618
0,128,564.867758
158,256,565.4353
29,132,565.71846
49,144,566.044329
33,131,566.332891
38,126,566.609575
36,130,566.896535
156,257,567.953936
48,158,568.319384
44,130,568.615473
61,162,568.97762
43,144,569.296914
57,170,569.673565
91,187,570.0864
35,120,570.347285
56,153,570.697355
63,165,571.06389
11,123,571.332811
57,146,571.657458
36,131,571.935464
74,174,572.780109
66,166,573.159887
184,290,573.819777
54,143,574.141909
52,142,574.451389
77,175,574.839019
66,168,575.201916
64,155,575.544438
59,161,575.900692
0,107,576.137725
62,161,576.488163
121,211,576.961443
95,190,577.846648
34,128,578.129835
0,106,578.361731
39,129,578.633235
76,169,579.007423
45,129,579.286608
39,135,579.586404
106,208,580.046745
27,133,580.342567
19,121,580.600502
47,135,580.891273
153,251,581.471058
17,117,581.719901
64,156,582.0588
31,124,582.815886
33,132,583.125105
50,140,583.446747
0,113,583.695165
15,130,583.982127
72,161,584.331424
179,273,584.936231
67,167,585.29802
147,246,585.8528
28,119,586.121257
0,127,586.397496
68,162,586.754038
44,128,587.032641
118,213,587.976956
55,145,588.300042
73,166,588.669468
71,163,589.033928
52,144,589.347161
0,100,589.564674
74,171,589.939978
31,130,590.232265
33,128,590.51177
11,114,590.757671
53,148,591.078775
63,159,591.4266
31,129,591.713958
76,162,592.083232
73,165,592.916447
36,137,593.217837
51,152,593.556841
37,154,593.898698
40,143,594.213237
118,205,594.668074
79,183,595.083611
81,173,595.466264
98,182,595.879259
25,121,596.144193
44,141,596.471606
53,154,596.808274
95,192,597.679102
0,98,597.903713
120,215,598.392757
86,172,598.781851
52,145,599.101254
81,161,599.453405
48,128,599.730779
61,159,600.084722
28,117,600.335748
0,111,600.579269
57,145,600.908666
47,135,601.211255
29,118,601.468055
0,130,601.758934
149,229,602.734355
174,254,603.309578
35,136,603.613649
102,181,604.030047
29,122,604.290365
118,219,604.77958
53,138,605.084177
65,147,605.412897
77,157,605.768331
57,137,606.075527
53,143,606.389075
66,147,606.710168
35,131,606.99826
29,119,607.700745
83,174,608.110562
0,103,608.336549
320,425,609.327822
0,100,609.540217
19,107,609.772024
53,135,610.080604
54,133,610.380424
119,222,610.881559
0,124,611.148059
52,130,611.434045
46,129,611.713782
80,156,612.066914
51,128,612.81
3,93,613.034363
54,138,613.346714
89,167,613.715967
82,172,614.092931
77,178,614.493061
36,133,614.900066
115,229,615.518975
56,163,615.894124
113,233,616.420325
74,179,616.817261
51,151,617.158086
25,119,617.407709
27,116,618.129512
47,140,618.452232
42,121,618.72295
24,107,618.9485
65,161,619.298508
55,142,619.605378
108,225,620.114268
46,137,620.409346
81,189,620.845366
46,141,621.164337
47,138,621.467719
39,127,621.739148
55,131,622.024533
54,133,622.311472
59,159,623.139735
41,118,623.405882
52,150,623.735708
39,129,624.008873
36,127,624.296161
92,171,624.676169
65,144,624.982985
82,171,625.364944
35,110,625.599323
57,150,625.933355
56,134,626.220253
57,152,626.551999
36,111,626.787145
0,101,627.005966
43,130,627.295388
60,140,628.074901
191,273,628.703425
4,125,628.975761
84,164,629.325895
175,269,629.942918
60,151,630.279609
82,164,630.642949
0,90,630.830598
46,128,631.117939
23,111,631.353785
0,106,631.582378
109,200,632.022261
0,103,632.239247
147,233,633.248509
128,212,633.729235
75,158,634.080367
71,165,634.456065
51,145,634.792028
39,131,635.080128
72,152,635.411434
70,162,635.772425
48,131,636.045593
156,239,636.579538
0,102,636.802368
48,133,637.088393
0,112,637.32863
84,172,638.16677
117,194,638.623029
56,145,638.942547
106,202,639.388544
61,141,639.693601
178,256,640.264179
67,148,640.595092
4,102,640.813568
0,95,641.011719
0,102,641.228531
35,117,641.482164
50,130,641.764741
29,114,642.008259
55,130,642.298465
50,142,643.084151
190,277,643.72454
45,145,644.046981
56,138,644.348758
45,129,644.637636
69,142,644.948145
35,128,645.226545
94,199,645.666939
40,127,645.934856
0,108,646.157665
125,197,646.594149
0,100,646.816002
0,103,647.046205
53,141,647.349214
57,137,648.116733
53,143,648.449989
84,166,648.813916
102,195,649.242392
59,134,649.544672
123,210,650.029004
67,155,650.372456
84,178,650.767744
70,151,651.109524
92,176,651.514147
77,162,651.869967
139,221,652.356032
32,115,653.07634
52,129,653.37273
17,108,653.613397
52,147,653.938392
8,108,654.163129
89,171,654.532043
39,137,654.833593
53,152,655.183464
110,208,655.640768
44,138,655.934959
24,113,656.175144
116,195,656.620818
53,143,656.939508
37,135,657.231647
33,119,657.930077
47,135,658.263542
70,146,658.601814
23,108,658.830136
51,129,659.106833
14,121,659.374983
49,137,659.670334
13,107,659.901948
81,154,660.243381
60,142,660.554954
71,150,660.888894
85,159,661.243997
0,82,661.421969
47,133,661.713877
34,117,661.968287
118,213,662.903296
45,128,663.218776
0,89,663.418618
165,241,663.956231
152,249,664.510233
58,140,664.821173
62,148,665.146909
29,113,665.401749
18,101,665.615444
73,147,665.937517
85,163,666.290142
81,170,666.662068
0,94,666.870186
38,128,667.157523
48,137,667.902116
40,130,668.214323
86,163,668.58391
95,170,668.95562
28,111,669.208612
18,119,669.468597
120,197,669.903026
51,134,670.204765
159,252,670.772679
16,102,670.995782
93,177,671.385069
59,136,671.683171
91,170,672.183451
61,137,672.576464
114,191,673.489485
50,121,673.757874
66,151,674.103491
63,138,674.4123
60,147,674.754254
65,162,675.102191
0,100,675.318881
63,136,675.611804
95,186,676.017546
129,222,676.513818
67,163,676.879975
36,114,677.136084
34,110,677.38029
52,127,677.6515
39,121,678.403222
91,172,678.790204
64,138,679.099972
35,114,679.348474
103,189,679.772091
49,140,680.088647
0,98,680.304582
69,158,680.656415
40,130,680.938883
42,130,681.220123
41,115,681.471203
4,112,681.718488
82,186,682.136695
56,128,682.417279
53,129,682.696702
61,138,683.491133
70,146,683.818103
37,123,684.085879
52,136,684.384752
37,124,684.654057
32,123,684.916703
45,131,685.191279
0,118,685.443889
64,151,685.78172
45,120,686.046202
68,141,686.366898
58,137,686.66089
34,107,686.888585
93,180,687.28336
0,92,687.48533
58,135,688.23923
43,110,688.49747
160,235,689.027356
82,160,689.390589
93,163,689.747943
36,115,689.995747
72,147,690.306859
124,210,690.767812
166,241,691.30056
25,113,691.556826
144,231,692.071696
90,176,692.470854
91,174,693.313577
39,113,693.58237
26,118,693.853754
53,147,694.173144
113,195,694.628598
57,139,694.91814
69,146,695.236382
17,112,695.481168
68,153,695.817954
0,91,696.015659
59,137,696.3271
238,321,697.07497
99,175,697.446132
36,128,697.719208
0,95,698.373018
97,183,698.787371
0,101,699.004985
31,105,699.234313
75,159,699.599358
38,120,699.869475
75,157,700.21942
37,115,700.468726
65,150,700.791366
38,126,701.073722
41,117,701.337079
54,136,701.630538
8,103,701.851356
14,106,702.077997
0,100,702.286118
43,123,702.553981
66,150,703.360361
55,137,703.672118
21,119,703.92475
34,113,704.16943
118,196,704.602165
42,119,704.86822
71,144,705.190926
78,167,705.568737
81,159,705.917991
67,146,706.234716
104,196,706.673748
32,108,706.906228
51,128,707.195114
128,207,707.64947
53,138,708.418383
99,188,708.837897
84,167,709.206139
98,181,709.616714
91,174,710.017482
111,195,710.446627
70,158,710.791764
69,151,711.116368
50,131,711.402237
32,114,711.642586
104,187,712.053039
52,137,712.351769
42,119,712.611418
0,105,713.307399
43,122,713.592727
85,165,713.958227
59,141,714.261995
33,117,714.512119
56,141,714.822838
0,111,715.063578
89,175,715.456485
81,163,715.828843
56,142,716.137288
46,127,716.414646
72,155,716.747932
65,145,717.074286
46,127,717.356506
54,140,717.665772
39,124,718.402349
36,118,718.673933
50,133,719.080916
44,129,719.447763
103,188,719.8884
158,242,720.436478
40,124,720.694068
81,162,721.059501
65,148,721.375179
39,119,721.637645
79,168,722.007136
89,177,722.402612
60,140,722.697988
33,117,723.420512
56,132,723.749357
131,213,724.224955
38,115,724.475286
45,129,724.75526
78,161,725.112721
2,106,725.342148
160,239,725.875356
42,120,726.1275
89,169,726.514351
46,122,726.774147
105,186,727.186075
44,131,727.468983
49,128,727.751175
60,145,728.548895
37,123,728.818105
108,195,729.254145
53,129,729.532514
58,140,729.832151
0,94,730.040837
61,138,730.340097
96,176,730.734223
35,118,730.994785
108,194,731.420378
64,144,731.731177
59,136,732.024554
35,120,732.285716
49,132,732.576391
61,150,733.349855
53,130,733.658969
55,130,733.940134
25,110,734.180506
29,114,734.420476
68,145,734.733827
54,130,735.021246
77,156,735.365664
58,140,735.681987
52,126,735.954793
29,109,736.183988
77,158,736.534426
84,160,736.900006
0,96,737.113632
92,178,737.504955
16,105,737.721752
34,111,738.428601
55,134,738.750708
101,179,739.166443
25,110,739.404821
0,104,739.62409
28,107,739.856313
104,186,740.276426
24,103,740.498048
96,175,740.882903
96,179,741.272328
89,169,741.653266
103,184,742.067169
131,205,742.518302
87,164,743.329888
80,170,743.745967
108,190,744.163329
30,113,744.402114
15,115,744.653246
44,116,744.902908
47,130,745.188633
38,116,745.431998
64,139,745.739311
188,263,746.336837
28,105,746.57003
34,108,746.795825
52,129,747.071967
72,150,747.399904
58,136,747.710626
27,102,748.396725
82,172,748.799432
216,296,749.453029
52,122,749.715374
97,174,750.092273
40,119,750.344862
93,169,750.729217
3,113,750.97291
27,115,751.216634
26,106,751.443406
59,130,751.719561
51,128,751.996199
43,116,752.255555
119,197,752.696365
136,214,753.648088
40,130,753.93096
41,124,754.193537
1,93,754.396611
43,117,754.653895
64,136,754.947097
63,140,755.251774
46,133,755.546528
54,135,755.849257
180,262,756.446009
220,309,757.140905
24,105,757.373537
0,82,757.544555
101,177,758.389174
47,132,758.692739
87,161,759.047621
39,119,759.300389
139,219,759.799088
74,155,760.140302
62,134,760.433693
15,100,760.652223
0,95,760.854879
58,140,761.162046
81,159,761.510511
94,177,761.913462
61,145,762.24456
55,136,762.536754
4,102,763.187036
23,96,763.420457
112,194,763.865845
63,135,764.156873
31,116,764.407015
48,123,764.671347
88,168,765.075816
115,188,765.672559
103,177,766.091999
72,157,766.444951
80,160,766.800065
15,101,767.010669
33,121,767.282676
49,120,767.552326
42,121,767.818075
38,106,768.506331
92,173,768.920036
109,179,769.331705
128,200,769.774652
114,190,770.184319
0,106,770.412611
43,119,770.670041
68,139,770.996289
59,147,771.33139
38,118,771.609249
46,128,771.893537
42,124,772.156034
96,178,772.556925
39,112,772.79932
18,95,773.436577
116,209,773.941343
73,145,774.257837
78,163,774.627217
123,197,775.073231
78,151,775.41165
55,140,775.724059
64,150,776.046615
43,123,776.318739
66,150,776.65439
70,142,776.962219
42,123,777.22588
52,134,777.521608
27,101,777.746865
30,106,777.976948
23,107,778.675143
118,196,779.131788
39,118,779.383349
59,131,779.676011
109,194,780.109019
50,132,780.396113
1,107,780.626352
16,104,780.847572
33,117,781.100923
65,151,781.443364
61,143,781.753166
59,133,782.037818
97,168,782.408327
69,155,782.767919
97,168,783.605297
50,128,783.895967
21,98,784.113979
77,154,784.445195
80,165,784.799216
116,202,785.244332
35,109,785.477755
45,122,785.746947
58,136,786.062793
45,128,786.349375
128,208,786.814
40,121,787.075969
100,185,787.465675
69,147,787.798588
109,190,788.691569
80,164,789.064464
169,247,789.646591
67,144,789.967919
47,131,790.253508
68,149,790.579544
25,114,790.824833
60,151,791.149983
13,99,791.357175
56,140,791.669779
71,152,792.01471
43,127,792.288276
16,101,792.507152
86,164,792.863241
60,139,793.624855
106,193,794.076596
53,133,794.389221
31,118,794.630493
178,258,795.19506
152,238,795.721148
38,122,795.987183
136,217,796.465093
119,201,796.921532
62,142,797.234
44,128,797.511605
36,118,797.769599
26,109,798.460344
53,139,798.815698
57,134,799.117213
84,163,799.481767
64,146,799.792715
27,111,800.027722
40,120,800.289273
45,131,800.577972
38,126,800.855752
94,177,801.246522
86,161,801.611304
123,206,802.083356
75,159,802.441527
121,204,802.890564
42,121,803.60088
76,152,803.952385
132,213,804.427706
101,187,804.849287
125,205,805.482279
139,227,806.060333
86,164,806.424699
21,101,806.639266
131,215,807.116368
40,120,807.390909
50,129,807.658968
109,189,808.081363
36,118,808.783075
30,112,809.049438
78,159,809.418181
41,122,809.687954
91,170,810.05651
51,127,810.331791
43,121,810.58523
53,134,810.871108
33,118,811.128636
203,281,811.781287
52,132,812.058794
106,190,812.476934
122,210,812.948378
121,197,813.863991
44,119,814.136122
45,123,814.40416
46,126,814.705084
16,102,814.925695
99,181,815.351566
26,109,815.586462
141,219,816.072572
89,167,816.432006
119,198,816.868184
252,332,817.633159
89,171,818.007128
8,101,818.224591
40,118,818.950883
105,179,819.384037
108,181,819.779009
123,203,820.220095
68,145,820.536434
52,126,820.812774
64,140,821.116063
62,140,821.419137
59,134,821.709279
70,148,822.028649
134,215,822.520966
48,126,822.803006
126,205,823.251512
37,120,823.964764
64,138,824.269928
0,96,824.479452
49,128,824.754148
48,124,825.026449
44,128,825.315989
56,137,825.622237
131,206,826.074449
62,143,826.385088
57,137,826.689003
67,148,827.025362
77,160,827.377174
95,172,827.748399
68,150,828.076945
96,180,828.93095
78,156,829.302798
72,149,829.634344
0,102,829.847044
36,123,830.105799
0,92,830.299819
56,140,830.597639
30,109,830.828807
57,133,831.108956
110,187,831.532587
55,131,831.817604
54,137,832.111984
60,133,832.398201
47,118,832.65056
40,116,832.89779
56,132,833.618331
26,111,833.899429
71,149,834.240407
0,90,834.432168
41,123,834.689135
27,113,834.923918
37,116,835.170724
42,129,835.454763
71,146,835.772474
159,237,836.302327
38,113,836.542215
23,107,836.770441
158,244,837.478045
33,114,837.763151
68,140,838.087415
232,306,839.255332
19,106,839.496536
99,180,839.894335
101,186,840.297884
79,157,840.651052
94,183,841.046609
26,110,841.282929
59,137,841.598351
91,168,841.984213
58,135,842.287048
80,162,842.639098
53,135,842.928212
46,124,843.194758
33,111,843.918038
59,139,844.250321
28,113,844.49414
70,148,844.822093
151,232,845.34166
33,116,845.584673
45,123,845.8592
142,213,846.352674
76,158,846.705281
50,124,846.970785
41,119,847.229738
104,187,847.640576
35,122,847.903628
125,204,848.379453
43,124,849.120808
68,147,849.451286
47,124,849.722492
95,169,850.1031
64,138,850.401334
45,129,850.685111
46,121,850.947744
98,181,851.353073
32,105,851.586961
89,163,851.942848
68,142,852.250283
61,147,852.562055
217,300,853.220928
147,220,854.200377
79,154,854.539197
134,210,854.998402
104,180,855.382182
11,96,855.589015
135,215,856.065656
67,144,856.385225
148,222,856.897363
160,240,857.445063
44,123,857.715161
47,124,857.981581
81,154,858.310891
82,150,859.123682
42,125,859.411989
44,126,859.688258
0,95,859.891907
65,145,860.220713
24,114,860.476824
34,113,860.726498
83,164,861.086598
76,146,861.40342
164,233,861.915274
32,113,862.158747
0,86,862.340615
66,140,862.635726
129,203,863.098906
21,103,863.329212
47,119,864.05611
83,153,864.398831
52,132,864.6865
24,110,864.916994
45,116,865.165109
46,123,865.433606
18,93,865.630174
59,136,865.932215
8,98,866.150195
97,174,866.550297
72,142,866.858078
168,252,867.41868
9,104,867.640932
46,128,867.922778
35,115,868.180001
68,148,868.968775
149,223,869.488825
83,157,869.840059
77,149,870.163759
22,99,870.384132
49,129,870.655375
52,132,870.93125
90,164,871.293376
20,105,871.524735
85,160,872.027845
35,118,872.331815
118,201,872.791742
69,144,873.107836
69,143,873.419572
26,100,874.111765
83,164,874.513786
52,129,874.792569
55,129,875.070559
75,154,875.398189
72,151,875.721433
58,132,876.009812
149,230,876.512216
86,160,876.86096
48,128,877.138798
0,90,877.328967
51,128,877.593001
31,111,877.828596
55,131,878.11389
4,106,878.340514
34,120,879.079616
97,179,879.524934
30,108,879.753186
60,141,880.064347
0,97,880.261963
82,154,880.59525
56,140,880.902467
109,191,881.328012
129,207,881.787699
126,203,882.229359
31,109,882.463557
31,117,882.712765
74,151,883.039287
29,120,883.294445
62,146,884.082993
49,132,884.394143
37,110,884.631685
70,149,884.95141
201,271,885.570931
39,120,885.837339
178,259,886.410424
28,106,886.631803
65,136,886.917966
65,147,887.237169
77,153,887.574706
34,112,887.81663
67,142,888.114673
87,157,888.889474
58,137,889.214252
38,115,889.484854
66,140,889.775097
223,296,890.425145
137,214,890.889643
42,117,891.145918
63,140,891.45191
43,126,891.727339
29,114,891.975155
62,134,892.252741
57,126,892.525216
90,167,892.89398
73,150,893.218236
100,177,894.074539
66,144,894.40827
54,130,894.698276
35,110,894.947607
43,115,895.204751
0,96,895.405777
111,189,895.812262
110,185,896.218022
79,159,896.557914
36,117,896.805652
99,177,897.187805
24,109,897.434209
83,159,897.779959
45,120,898.043858
25,111,898.278027
83,163,899.109198
72,145,899.430417
53,127,899.709098
70,145,900.026603
107,188,900.43116
108,186,900.833834
56,136,901.141387
62,137,901.44435
32,117,901.692875
53,128,901.966076
94,168,902.326035
80,158,902.662384
90,161,903.00707
0,96,903.640734
58,140,903.981304
83,165,904.356229
32,123,904.61158
87,171,904.984038
67,144,905.296271
60,144,905.588674
144,219,906.067122
69,153,906.40002
62,138,906.707879
92,176,907.104824
80,164,907.456784
44,125,907.720532
57,131,908.007793
43,127,908.76296
126,210,909.250834
55,127,909.518001
89,162,909.870885
0,109,910.102414
52,137,910.389696
100,185,910.793204
0,108,911.025326
53,137,911.3191
78,160,911.666964
86,156,912.019498
48,130,912.311222
39,110,912.550627
0,94,912.752497
69,139,913.042342
33,103,913.783142
47,118,914.153023
68,137,914.497647
12,96,914.719126
57,125,914.987539
28,104,915.207539
47,132,915.517634
37,117,915.756236
73,144,916.068492
60,134,916.356646
36,109,916.592839
42,117,916.846729
49,115,917.102601
102,182,917.493988
30,109,917.718644
97,180,918.109579
72,156,918.911575
70,139,919.217337
40,122,919.48398
65,137,919.772016
45,117,920.017961
22,95,920.218641
79,148,920.534995
55,128,920.815921
39,123,921.072048
48,138,921.366373
183,264,921.948583
107,188,922.361012
36,119,922.613129
109,176,922.994678
55,127,923.729978
62,148,924.07256
86,169,924.466005
55,139,924.782325
37,114,925.038847
59,141,925.339208
126,200,925.774466
36,113,926.012628
0,92,926.210349
118,191,926.642018
74,144,926.963948
45,132,927.254382
135,204,927.703765
54,124,927.971877
31,107,928.657892
103,178,929.076383
124,208,929.526508
55,141,929.830236
70,146,930.147718
35,120,930.407972
42,113,930.641488
136,202,931.103436
28,104,931.334458
20,104,931.553839
74,151,931.882973
67,138,932.184731
35,108,932.415953
56,142,932.718102
52,123,932.979674
47,120,933.712168
43,123,933.988703
79,149,934.326604
150,233,934.86864
128,209,935.329946
30,115,935.574661
87,171,935.93863
69,145,936.271813
125,203,936.732848
82,161,937.066177
70,145,937.363922
115,190,937.778555
33,115,938.481531
147,221,939.002461
107,179,939.39345
43,117,939.647754
192,265,940.25194
198,276,940.855621
38,116,941.097878
134,208,941.55986
133,209,942.01717
173,241,942.573303
66,135,942.846298
81,159,943.648136
70,157,943.997039
18,103,944.214268
191,270,944.832535
31,115,945.073271
65,139,945.374659
0,94,945.567244
39,119,945.816571
20,107,946.041074
30,109,946.273184
138,208,946.740978
69,137,947.045234
105,181,947.442547
285,367,948.728597
46,126,949.008968
68,141,949.310358
52,129,949.591079
26,108,949.82516
73,139,950.128163
67,133,950.420994
117,195,950.849523
30,110,951.082711
53,131,951.375627
60,140,951.705472
47,115,951.959072
16,99,952.166214
20,93,952.36123
26,112,952.601038
33,106,952.826944
68,147,953.628727
57,129,953.904715
41,118,954.161509
65,134,954.447447
120,190,954.858437
79,146,955.173043
33,110,955.410992
37,118,955.666175
50,126,955.9743
74,151,956.462852
81,157,956.845304
35,118,957.103904
20,106,957.344865
75,148,957.670163
60,140,957.96961
96,175,958.84883
29,109,959.085693
105,179,959.481391
160,236,959.998521
53,121,960.261293
112,187,960.670108
41,116,960.918383
87,167,961.286535
77,145,961.612753
249,324,962.34334
99,175,962.720155
33,111,962.954541
86,159,963.779336
148,223,964.305907
39,117,964.564181
21,103,964.792064
89,172,965.164525
78,154,965.502932
50,126,965.780689
73,145,966.098643
76,152,966.426272
87,167,966.787283
58,136,967.085432
23,103,967.320179
53,128,967.610035
57,135,967.903435
63,140,968.669103
62,135,968.980941
86,157,969.344791
36,106,969.581998
33,105,969.815479
12,104,970.035863
88,160,970.379616
57,133,970.66769
77,149,970.997074
35,114,971.238705
42,118,971.491138
45,117,971.745933
90,160,972.095809
123,205,972.554326
61,130,972.842243
30,110,973.528414
45,114,973.800535
39,112,974.048965
73,152,974.381897
37,121,974.64361
57,133,974.927163
146,217,975.413454
81,150,975.741251
91,170,976.129194
30,111,976.371441
109,176,976.767249
80,149,977.089497
70,144,977.400731
47,119,977.656174
26,107,977.891176
19,114,978.600209
46,118,978.862063
66,144,979.173719
48,132,979.4625
48,129,979.757494
65,146,980.086495
67,147,980.4121
31,116,980.662858
26,102,980.872855
0,85,981.053946
136,208,981.514055
86,161,981.872233
76,157,982.230049
124,204,982.684362
41,121,983.381532
119,187,983.828574
36,111,984.067791
100,179,984.470131
74,151,984.795466
77,157,985.129541
83,154,985.476086
124,202,985.924715
72,150,986.246963
45,122,986.503032
81,155,986.832888
94,175,987.206929
110,185,987.615589
125,199,988.511556
78,158,988.872138
68,141,989.173411
57,131,989.453291
41,115,989.69749
64,135,989.991979
49,130,990.280157
46,129,990.562884
34,114,990.814016
19,107,991.052467
65,136,991.332755
67,140,991.630804
76,152,991.957497
21,100,992.166764
74,149,992.504931
77,148,993.517269
74,149,993.866673
39,119,994.120284
50,125,994.399079
64,143,994.732637
87,162,995.088441
45,115,995.338867
28,105,995.560648
9,97,995.769248
47,122,996.037284
36,114,996.274293
26,107,996.507045
39,114,996.754215
44,122,997.015522
58,131,997.292933
23,103,997.522538
77,146,997.846611
45,123,998.569586
61,135,998.870993
146,217,999.38372
126,199,999.833903
24,103,1000.053465
67,136,1000.34903
63,138,1000.646446
47,121,1000.904488
20,110,1001.136964
65,136,1001.43163
57,129,1001.714377
68,139,1002.008804
38,120,1002.267391
15,103,1002.489649
40,116,1002.733244
47,130,1003.468036
58,131,1003.767284
137,214,1004.264504
83,147,1004.592329
90,162,1004.95049
20,112,1005.183751
36,111,1005.424472
27,107,1005.651119
41,113,1005.894596
79,147,1006.221386
24,103,1006.45311
101,178,1006.848541
107,177,1007.237929
79,147,1007.55523
51,130,1007.826368
21,100,1008.496449
40,113,1008.746861
85,155,1009.095282
41,123,1009.367919
97,166,1009.735603
100,174,1010.113294
38,116,1010.35618
96,170,1010.741729
44,120,1011.007875
112,185,1011.426994
50,126,1011.700345
69,141,1012.000309
46,124,1012.260132
73,144,1012.574461
63,137,1013.328966
116,194,1013.793281
84,164,1014.147444
102,180,1014.536258
38,107,1014.768571
75,151,1015.094639
76,146,1015.410434
39,122,1015.674827
66,141,1015.988863
124,199,1016.453416
7,94,1016.657279
29,107,1016.882398
60,139,1017.176931
96,173,1017.568472
75,143,1018.341907
36,106,1018.596887
106,176,1018.981969
29,108,1019.205045
124,196,1019.65319
85,165,1020.03161
126,201,1020.486856
49,131,1020.763045
91,169,1021.128387
141,211,1021.592927
54,134,1021.882758
6,92,1022.076685
71,137,1022.374069
50,121,1022.630258
93,168,1023.481584
138,201,1023.943398
150,224,1024.448938
108,179,1024.830721
56,134,1025.118843
102,178,1025.507404
75,146,1025.812839
55,131,1026.090719
19,95,1026.297571
20,106,1026.534342
0,89,1026.738564
251,338,1027.483067
66,132,1028.218235
74,155,1028.60032
38,110,1028.888394
50,128,1029.291144
11,96,1029.536918
115,186,1029.97432
64,142,1030.29423
106,174,1030.686924
50,127,1030.957355
32,110,1031.188133
29,99,1031.402166
79,150,1031.747568
45,115,1032.019994
77,156,1032.364858
108,181,1032.766277
79,151,1033.565367
35,107,1033.811069
103,178,1034.219872
91,164,1034.605917
52,132,1034.903406
101,173,1035.304452
79,149,1035.62815
16,100,1035.832631
52,130,1036.110044
88,164,1036.480082
24,98,1036.703557
84,151,1037.042116
2,90,1037.235553
57,131,1037.526173
60,136,1037.821103
71,143,1038.585894
10,98,1038.809727
31,104,1039.053272
46,121,1039.329149
36,112,1039.578337
43,118,1039.83527
73,149,1040.158883
67,142,1040.473047
57,137,1040.768766
109,184,1041.188058
41,113,1041.43949
73,139,1041.752278
92,165,1042.130457
143,220,1042.668266
57,131,1042.953207
117,188,1043.8575
52,127,1044.137958
50,127,1044.416015
77,144,1044.726608
33,113,1044.972018
73,139,1045.270409
185,260,1045.855389
29,118,1046.113815
80,156,1046.43743
55,132,1046.719687
50,129,1046.994939
27,100,1047.216742
121,191,1047.639605
80,149,1047.970588
47,113,1048.673928
177,248,1049.26553
49,121,1049.533059
0,92,1049.724728
153,221,1050.213586
33,115,1050.455132
50,117,1050.705008
59,130,1050.989518
52,121,1051.255855
136,203,1051.72724
65,138,1052.029053
95,166,1052.390584
54,128,1052.664136
85,154,1052.996196
68,136,1053.75193
58,128,1054.036914
152,221,1054.536345
87,158,1054.883041
25,102,1055.107219
121,191,1055.518925
47,120,1055.773187
0,99,1055.987124
72,141,1056.29327
48,120,1056.550932
85,152,1056.882015
71,139,1057.182256
97,174,1057.561978
187,258,1058.588642
31,109,1058.840969
53,131,1059.135232
86,157,1059.49467
50,121,1059.770042
67,136,1060.074009
0,88,1060.259785
136,211,1060.724207
80,156,1061.0562
74,141,1061.361436
30,103,1061.585129
150,219,1062.070864
88,151,1062.41295
45,117,1062.671454
89,157,1063.475429
116,188,1063.925448
87,158,1064.283179
73,152,1064.618745
17,104,1064.837075
29,103,1065.05103
34,112,1065.288366
47,123,1065.549139
82,154,1065.900665
25,110,1066.141394
18,97,1066.350847
98,169,1066.723767
154,221,1067.216456
57,131,1067.500642
58,129,1067.784046
35,116,1068.486003
40,119,1068.77148
47,124,1069.055893
36,113,1069.309112
111,181,1069.714766
68,136,1070.00403
105,176,1070.389271
47,119,1070.644315
73,141,1070.967207
46,121,1071.235903
69,141,1071.538735
74,150,1071.867122
31,113,1072.117602
32,110,1072.367074
108,182,1072.899629
40,112,1073.687882
61,135,1074.013018
68,139,1074.315814
98,175,1074.695234
65,137,1075.003403
35,118,1075.264945
51,127,1075.549745
34,108,1075.780254
85,156,1076.120588
88,159,1076.466255
55,122,1076.72985
83,153,1077.063178
73,140,1077.37433
61,134,1077.666085
99,166,1078.039778
41,116,1078.77432
61,145,1079.103823
70,144,1079.417022
29,106,1079.656485
0,94,1079.859172
88,157,1080.212019
14,100,1080.434712
68,143,1080.74772
120,189,1081.162573
71,137,1081.46752
83,155,1081.819281
76,147,1082.164506
42,111,1082.402022
18,106,1082.625024
54,124,1082.891513
66,138,1083.643824
200,272,1084.29005
69,142,1084.594521
64,141,1084.897018
100,168,1085.269068
62,133,1085.550781
167,245,1086.108545
65,136,1086.40665
69,141,1086.715853
35,109,1086.946885
34,111,1087.177511
89,163,1087.525721
106,177,1087.907272
42,117,1088.627939
93,163,1089.024857
55,133,1089.317163
41,116,1089.566589
60,136,1089.862178
51,123,1090.128487
100,172,1090.510352
58,141,1090.811993
75,145,1091.126055
128,196,1091.558232
72,150,1091.888828
65,142,1092.194792
37,109,1092.431869
57,129,1092.723545
86,156,1093.067104
59,133,1093.817185
41,117,1094.088622
36,113,1094.341634
33,109,1094.569689
127,199,1095.006463
65,145,1095.315469
65,143,1095.624171
97,172,1096.01661
11,104,1096.245336
44,117,1096.499458
127,203,1096.949631
16,100,1097.153409
74,145,1097.467147
57,129,1097.761663
49,121,1098.02924
20,112,1098.747729
33,116,1099.01586
38,115,1099.266672
68,144,1099.56788
147,219,1100.052396
70,148,1100.367658
78,157,1100.709014
52,130,1100.989287
72,143,1101.302464
94,175,1101.680855
25,108,1101.920365
58,132,1102.206077
56,133,1102.484835
95,167,1102.853969
84,160,1103.681275
33,120,1103.947051
32,114,1104.187753
58,136,1104.475837
76,155,1104.807332
76,148,1105.140862
141,212,1105.6201
10,103,1105.833854
60,128,1106.113201
71,143,1106.414186
48,128,1106.685611
47,124,1106.950721
60,138,1107.251683
43,118,1107.507834
144,217,1108.442198
68,142,1108.774791
47,122,1109.049022
73,141,1109.362152
64,138,1109.665705
86,154,1109.996311
71,142,1110.303383
43,117,1110.553793
33,112,1110.79574
33,109,1111.027901
65,144,1111.341164
132,209,1111.816649
65,142,1112.129018
56,129,1112.409919
39,115,1112.646856
46,122,1113.364265
87,157,1113.77389
63,135,1114.217468
120,192,1114.704908
25,110,1114.946082
37,115,1115.204945
201,284,1115.822577
86,162,1116.175084
67,147,1116.49159
64,139,1116.800632
60,132,1117.08142
52,131,1117.371378
27,106,1117.608219
62,138,1117.907829
45,125,1118.632569
124,195,1119.101993
65,140,1119.428024
82,160,1119.773802
61,138,1120.080083
59,132,1120.362205
53,130,1120.651678
91,168,1121.042433
51,124,1121.316978
60,132,1121.606952
78,155,1121.947641
119,192,1122.358442
0,96,1122.560805
235,306,1123.705958
86,153,1124.060935
51,124,1124.335595
101,183,1124.735124
73,151,1125.054879
54,122,1125.31533
55,128,1125.589648
21,110,1125.825338
108,182,1126.233229
54,123,1126.509466
141,205,1126.979863
49,124,1127.240453
59,142,1127.546744
71,146,1127.861343
33,114,1128.549827
187,264,1129.188497
85,150,1129.529667
136,215,1130.021397
30,110,1130.256232
124,200,1130.695364
28,101,1130.907319
80,148,1131.228734
67,139,1131.549572
84,161,1131.910878
54,131,1132.192548
67,143,1132.501694
49,129,1132.789168
106,184,1133.675849
101,171,1134.07877
91,159,1134.427352
57,134,1134.720906
42,117,1134.984004
74,144,1135.303998
72,143,1135.616225
75,147,1135.937963
71,150,1136.260895
38,123,1136.520582
46,119,1136.770915
92,167,1137.141501
101,175,1137.531693
144,217,1138.013869
88,156,1138.817385
58,134,1139.114303
42,114,1139.352942
44,116,1139.602547
47,128,1139.877602
62,133,1140.164553
95,172,1140.547476
9,100,1140.774657
106,178,1141.178087
51,139,1141.483736
75,146,1141.803236
45,117,1142.045569
5,105,1142.262747
80,152,1142.604404
51,123,1142.87288
49,130,1143.615149
106,182,1144.049263
67,150,1144.39998
51,118,1144.666891
19,105,1144.904188
81,149,1145.234924
57,134,1145.520714
52,126,1145.791578
44,113,1146.0283
168,236,1146.562515
77,145,1146.883561
37,110,1147.115743
84,161,1147.467183
144,222,1147.95703
12,106,1148.644663
56,124,1148.927427
127,204,1149.379229
62,134,1149.664122
61,134,1149.950776
19,97,1150.161074
115,187,1150.575996
139,206,1151.032983
68,145,1151.357972
139,213,1151.857481
133,205,1152.312905
82,170,1152.692253
118,184,1153.559217
46,116,1153.96127
11,106,1154.246416
80,148,1154.594698
144,207,1155.058242
37,123,1155.326443
72,139,1155.625678
78,150,1155.969154
46,119,1156.239937
99,174,1156.628366
218,292,1157.290529
78,144,1157.605043
89,172,1157.986676
35,121,1158.256979
70,140,1159.040469
57,124,1159.31951
72,139,1159.62598
108,172,1160.017043
50,123,1160.301503
40,110,1160.548961
72,143,1160.866796
101,169,1161.243884
66,128,1161.522067
0,88,1161.711975
64,142,1162.021323
40,107,1162.254266
105,167,1162.61567
45,109,1162.852764
148,222,1163.789131
15,98,1164.013831
10,98,1164.238968
53,120,1164.50528
117,178,1164.918469
82,145,1165.242959
251,329,1166.009923
79,145,1166.331427
27,104,1166.550891
11,87,1166.740153
58,123,1167.010659
59,135,1167.317114
87,155,1167.656137
125,186,1168.087217
0,105,1168.315605
101,177,1169.184078
54,124,1169.452752
30,110,1169.700782
20,105,1169.937164
120,180,1170.354598
143,212,1170.836267
30,102,1171.070697
76,154,1171.399429
112,179,1171.796418
57,132,1172.096884
26,95,1172.301749
0,88,1172.487658
111,178,1172.877062
99,159,1173.232263
32,116,1173.956037
38,115,1174.224676
41,107,1174.461249
32,124,1174.730592
68,150,1175.060726
95,166,1175.421098
72,130,1175.701843
204,282,1176.33941
135,206,1176.816427
31,103,1177.050985
25,114,1177.309496
88,159,1177.675238
50,117,1177.922884
57,122,1178.191101
133,206,1179.127873
17,106,1179.367136
33,123,1179.640265
129,195,1180.064488
135,213,1180.553351
35,114,1180.808115
42,123,1181.07686
2,94,1181.275379
45,122,1181.539766
0,107,1181.772509
27,107,1182.001248
58,128,1182.296307
103,173,1182.668058
49,116,1182.922545
103,166,1183.283783
94,161,1184.178212
77,150,1184.650011
144,208,1185.147388
61,140,1185.448143
78,149,1185.787391
40,125,1186.062134
33,105,1186.303345
47,131,1186.599131
39,113,1186.842035
158,237,1187.360594
92,161,1187.706928
86,158,1188.055868
40,121,1188.316701
56,133,1188.602467
63,132,1189.395471
80,152,1189.736757
158,228,1190.248471
27,109,1190.479831
96,159,1190.829063
80,147,1191.14708
2,102,1191.364699
50,119,1191.630901
147,223,1192.123399
49,121,1192.385503
46,118,1192.645413
128,199,1193.079623
126,201,1193.524693
100,169,1194.37717
53,125,1194.658935
40,115,1194.925801
28,118,1195.172987
29,109,1195.404662
84,154,1195.737725
44,116,1195.990554
53,125,1196.26234
122,188,1196.69157
75,147,1197.029336
136,208,1197.505547
83,149,1197.823271
87,153,1198.155594
82,148,1198.472756
132,204,1199.401721
181,255,1199.997593
50,124,1200.269197
77,154,1200.611605
67,139,1200.918072
50,133,1201.205663
74,143,1201.525456
54,123,1201.796003
42,108,1202.029743
70,144,1202.340942
27,107,1202.578431
113,179,1202.976538
182,255,1203.541398
188,256,1204.609578
65,130,1204.897682
118,192,1205.318467
54,135,1205.607152
19,108,1205.841331
42,115,1206.097944
129,199,1206.554054
62,132,1206.850408
10,99,1207.068447
91,156,1207.409792
0,80,1207.581236
100,168,1207.948773
78,146,1208.271735
49,119,1208.536209
87,154,1209.353018
62,129,1209.653601
87,152,1209.996644
49,119,1210.252339
75,136,1210.547064
107,176,1210.932883
160,225,1211.435912
42,119,1211.688195
88,154,1212.032376
148,216,1212.506422
83,150,1212.83759
40,122,1213.103051
59,120,1213.358443
84,152,1214.123872
90,154,1214.496606
79,146,1214.82435
56,121,1215.087693
19,91,1215.284887
84,151,1215.618646
154,221,1216.107962
0,79,1216.287344
102,163,1216.651255
43,116,1216.901232
100,167,1217.266832
58,125,1217.538504
95,158,1217.890754
54,122,1218.142086
1,108,1218.378029
47,125,1219.073116
9,92,1219.295059
53,128,1219.590123
61,137,1219.877451
43,119,1220.136666
3,103,1220.370392
205,275,1221.002617
53,120,1221.260169
34,104,1221.490993
34,106,1221.722424
101,163,1222.072865
25,97,1222.281563
1,95,1222.48282
62,142,1222.799977
40,121,1223.073699
111,180,1223.476726
77,146,1224.265335
66,129,1224.560794
70,136,1224.851381
76,150,1225.188038
92,160,1225.543662
76,145,1225.859331
54,131,1226.140708
80,148,1226.465602
173,247,1227.020985
36,113,1227.272472
108,175,1227.656061
144,215,1228.132832
161,226,1229.065503
93,161,1229.457088
87,159,1229.808505
106,165,1230.169594
142,212,1230.627361
86,155,1230.963191
107,175,1231.351633
0,91,1231.545832
101,167,1231.916307
127,200,1232.360861
66,137,1232.6571
109,182,1233.057562
105,173,1233.445854
37,110,1234.129869
85,154,1234.48575
104,171,1234.867369
103,169,1235.234642
69,138,1235.531755
45,120,1235.781856
67,143,1236.091192
19,108,1236.321936
48,122,1236.582301
78,140,1236.895907
9,91,1237.085131
202,266,1237.671799
81,148,1237.998952
27,114,1238.244699
62,134,1238.989078
0,82,1239.185899
58,127,1239.475988
41,124,1239.745198
21,96,1239.955037
86,161,1240.396123
103,174,1240.906735
69,137,1241.228071
76,143,1241.549589
98,166,1241.922789
23,107,1242.159421
98,158,1242.507159
15,88,1242.697291
74,149,1243.024326
61,131,1243.309207
82,155,1243.646673
39,117,1244.369399
107,175,1244.790054
37,127,1245.064774
51,121,1245.329051
0,94,1245.538905
56,124,1245.804986
39,108,1246.037101
109,173,1246.441445
82,150,1246.775425
42,117,1247.027831
53,125,1247.293804
74,139,1247.607381
78,147,1247.92366
172,237,1248.453766
19,106,1248.691811
66,149,1249.494358
139,206,1249.965583
86,170,1250.337193
57,129,1250.644105
72,144,1250.986821
83,148,1251.292801
91,161,1251.632888
55,120,1251.884925
98,163,1252.241855
82,153,1252.565289
111,186,1252.965621
128,200,1253.39905
83,149,1254.171143
237,307,1254.908956
115,182,1255.329781
55,129,1255.612922
99,171,1255.972548
113,180,1256.374337
140,204,1256.82127
49,118,1257.074958
77,150,1257.405471
49,120,1257.672646
74,141,1257.979023
74,142,1258.293439
53,126,1258.557044
54,120,1259.272456
60,135,1259.593483
49,118,1259.85765
60,133,1260.147516
64,142,1260.453766
75,149,1260.772331
52,126,1261.042026
59,129,1261.319757
54,120,1261.578048
97,165,1261.934482
62,134,1262.228228
114,185,1262.641317
63,132,1262.923953
103,167,1263.289779
71,145,1263.612408
99,172,1264.476869
98,170,1264.849525
87,159,1265.188896
38,104,1265.408702
68,137,1265.711731
88,158,1266.047607
39,108,1266.284477
245,312,1266.985462
41,116,1267.239987
75,143,1267.553629
70,139,1267.857565
111,175,1268.240653
8,94,1268.445058
115,181,1269.301664
36,104,1269.54023
94,162,1269.911114
105,172,1270.30426
79,144,1270.618362
43,118,1270.870949
191,254,1271.430793
105,172,1271.818698
0,90,1272.017602
38,109,1272.257189
49,116,1272.513958
0,111,1272.746338
100,164,1273.109647
23,113,1273.351213
138,208,1274.283307
78,141,1274.597256
0,87,1274.797028
82,145,1275.105192
75,135,1275.393958
71,139,1275.698529
118,184,1276.102868
26,100,1276.318768
79,141,1276.634083
80,140,1276.955545
76,140,1277.27075
64,126,1277.54927
71,138,1277.857013
38,111,1278.094
44,108,1278.335436
66,134,1279.090895
22,89,1279.312767
83,148,1279.640619
36,101,1279.861722
115,178,1280.267987
78,139,1280.578368
57,126,1280.848872
72,132,1281.131403
4,85,1281.31251
66,137,1281.607357
74,142,1281.913237
50,111,1282.153043
16,99,1282.367774
109,178,1282.762333
60,121,1283.040184
70,142,1283.364878
68,130,1284.094566
74,139,1284.425565
53,122,1284.696712
47,114,1284.946126
78,144,1285.2456
122,182,1285.650802
36,102,1285.877092
56,123,1286.14632
118,183,1286.557934
28,102,1286.790611
35,109,1287.025333
43,111,1287.276646
75,138,1287.595448
330,403,1288.516402
98,169,1289.370879
62,133,1289.689813
38,107,1290.022633
3,91,1290.302695
39,103,1290.559301
61,133,1290.85492
29,104,1291.07728
39,102,1291.297508
4,97,1291.519187
60,136,1291.815875
70,135,1292.115499
88,151,1292.440126
113,182,1292.839974
10,36,1292.913266
45,116,1293.181617
49,112,1293.422987
70,142,1293.724383
0,93,1294.372086
108,174,1294.789675
42,112,1295.038491
15,104,1295.260454
26,106,1295.497609
105,171,1295.886839
44,126,1296.159629
13,106,1296.39704
32,105,1296.62437
50,129,1296.908864
122,184,1297.318523
58,125,1297.599315
86,153,1297.953465
0,95,1298.164368
75,147,1298.483345
86,143,1298.789416
49,123,1299.521356
67,139,1299.837204
45,109,1300.071641
57,127,1300.352576
45,114,1300.593142
25,104,1300.815527
142,212,1301.289412
0,94,1301.495133
76,149,1301.826931
61,124,1302.106431
98,162,1302.467008
30,100,1302.690488
56,124,1302.964083
81,144,1303.277478
42,113,1303.519214
84,151,1304.295346
66,140,1304.62244
105,174,1305.013575
47,121,1305.277279
44,113,1305.525174
240,309,1306.215116
48,118,1306.462982
47,121,1306.730026
46,111,1306.977678
143,210,1307.440421
274,337,1308.217859
69,132,1308.526234
165,234,1309.530527
85,148,1309.875777
56,129,1310.165385
31,104,1310.395529
108,175,1310.789201
53,120,1311.046435
4,97,1311.259724
109,180,1311.657164
184,249,1312.216143
204,274,1312.830471
77,152,1313.180276
38,111,1313.425021
58,133,1313.713574
23,105,1314.382321
137,195,1314.863839
68,131,1315.164215
16,103,1315.386694
72,139,1315.68681
99,162,1316.04319
94,163,1316.404331
127,195,1316.846914
77,146,1317.16284
0,91,1317.359186
109,173,1317.738595
53,119,1317.991232
54,133,1318.269362
71,142,1318.580301
46,119,1318.843949
0,100,1319.558454
64,130,1319.863765
32,104,1320.091312
108,174,1320.472646
40,110,1320.715154
132,206,1321.158931
142,212,1321.64665
126,189,1322.079846
85,153,1322.423657
88,152,1322.761288
55,128,1323.032044
94,167,1323.389044
92,155,1323.734969
59,132,1324.478493
42,112,1324.737574
35,111,1324.988419
57,129,1325.268904
117,189,1325.681717
67,132,1325.97364
53,119,1326.232127
32,101,1326.449377
115,183,1326.865181
50,131,1327.159875
20,46,1327.258378
98,168,1327.632324
106,173,1328.01492
0,88,1328.19664
54,130,1328.482231
56,127,1328.769642
96,156,1329.583325
6,23,1329.636929
52,121,1329.910805
10,33,1329.982366
67,137,1330.286331
71,133,1330.589629
57,119,1330.85252
182,253,1331.412516
43,103,1331.638346
2,23,1331.686976
6,25,1331.736967
15,87,1331.92749
83,140,1332.250617
69,130,1332.542033
71,128,1332.820817
57,124,1333.093409
139,201,1333.685832
78,149,1334.085365
72,129,1334.865357
19,84,1335.062308
110,173,1335.456694
109,176,1335.865946
44,111,1336.125873
104,177,1336.533384
51,113,1336.791672
97,163,1337.167166
72,135,1337.465793
0,86,1337.652948
49,110,1337.894855
53,125,1338.171808
33,96,1338.393282
60,118,1338.664331
75,139,1338.988958
7,24,1339.040842
48,120,1339.727704
47,109,1340.009225
46,113,1340.258129
40,116,1340.518105
18,83,1340.700205
0,98,1340.930922
111,178,1341.341573
8,33,1341.414196
81,138,1341.714476
68,129,1342.008438
55,115,1342.25663
43,105,1342.485091
11,100,1342.702276
33,99,1342.917523
83,140,1343.230692
61,122,1343.497117
0,82,1343.677882
63,132,1343.983357
0,84,1344.176598
77,132,1344.958734
81,143,1345.292954
7,97,1345.503209
34,102,1345.727454
151,213,1346.200543
86,148,1346.526439
78,137,1346.824623
67,135,1347.116191
63,129,1347.394001
34,104,1347.618538
58,117,1347.876312
37,117,1348.135716
78,146,1348.464635
98,162,1348.825731
56,118,1349.080037
72,129,1349.829897
130,201,1350.311533
45,115,1350.568066
44,111,1350.808399
81,131,1351.105527
65,132,1351.412999
6,25,1351.465524
61,118,1351.744448
37,98,1351.967468
75,134,1352.271837
67,132,1352.568887
130,190,1352.997448
60,117,1353.247284
5,23,1353.294951
5,24,1353.345975
9,96,1353.557969
65,125,1353.831332
48,120,1354.101097
78,134,1354.394352
101,164,1355.236243
239,297,1355.902462
46,112,1356.142088
106,172,1356.52675
1,26,1356.578511
71,141,1356.886885
129,195,1357.316257
70,131,1357.602515
98,162,1357.963962
2,88,1358.162219
128,198,1358.631444
4,94,1358.835938
32,109,1359.083546
40,103,1359.308231
14,95,1359.961917
94,151,1360.315341
49,112,1360.571362
195,267,1361.171321
92,160,1361.522666
87,153,1361.853668
73,128,1362.130642
118,177,1362.524148
126,196,1362.972147
69,127,1363.267728
47,119,1363.528508
57,124,1363.79921
104,159,1364.153014
117,187,1365.03137
79,149,1365.394668
1,97,1365.616669
109,179,1366.016711
4,26,1366.067209
0,85,1366.240838
34,106,1366.472234
86,157,1366.809451
117,183,1367.223145
66,126,1367.501135
113,170,1367.868827
77,140,1368.167503
51,115,1368.413522
197,267,1369.213488
126,186,1369.65892
70,139,1370.434443
31,102,1370.657744
0,106,1370.897624
57,123,1371.175902
78,143,1371.514198
0,86,1371.711436
97,167,1372.09248
37,110,1372.327266
75,142,1372.639311
46,107,1372.879312
39,102,1373.104005
138,200,1373.563436
66,140,1373.876343
171,243,1374.416662
40,124,1374.678404
92,159,1375.525319
57,133,1375.833493
2,89,1376.024703
10,93,1376.227236
138,205,1376.691468
86,156,1377.050503
143,203,1377.514663
92,155,1377.852022
112,175,1378.259089
116,186,1378.676664
119,179,1379.073829
78,148,1379.390805
97,168,1379.763843
0,94,1380.452371
135,204,1380.928545
0,90,1381.121538
204,270,1381.725875
79,147,1382.047074
83,146,1382.365515
76,147,1382.702813
123,196,1383.155876
116,175,1383.558277
19,98,1383.773721
31,105,1383.997845
37,108,1384.233341
139,212,1384.698892
61,126,1385.427709
83,147,1385.784245
54,122,1386.054724
11,100,1386.276782
64,133,1386.586669
29,107,1386.824239
33,105,1387.055832
45,114,1387.300921
107,180,1387.695348
84,146,1388.018122
78,151,1388.350639
34,115,1388.593286
23,98,1388.798619
89,150,1389.131956
32,109,1389.369711
211,274,1390.470766
59,128,1390.776807
71,137,1391.075814
0,103,1391.298002
18,103,1391.522654
124,188,1391.943239
28,109,1392.175252
35,107,1392.416699
100,171,1392.809389
126,196,1393.258147
92,154,1393.598243
67,128,1393.882319
87,152,1394.212849
84,152,1394.538389
85,152,1394.884686
88,156,1395.724512
65,134,1396.024864
78,146,1396.348182
21,103,1396.570695
121,188,1396.987144
163,240,1397.520947
94,164,1397.886008
100,163,1398.239761
7,99,1398.454175
57,131,1398.735627
115,186,1399.146086
71,127,1399.424499
71,148,1399.746175
180,248,1400.770902
40,119,1401.040842
24,115,1401.282572
111,182,1401.687194
64,137,1401.997345
28,110,1402.245893
59,134,1402.64596
35,121,1403.006351
46,119,1403.282262
36,115,1403.546774
57,132,1403.834105
64,127,1404.127386
76,144,1404.446043
0,83,1404.626413
78,153,1404.964717
58,123,1405.68682
116,194,1406.161151
0,122,1406.448467
85,154,1406.773863
75,142,1407.082145
25,115,1407.331905
83,156,1407.664715
121,200,1408.113306
59,124,1408.384781
35,110,1408.634519
93,163,1408.993776
46,117,1409.257152
89,153,1409.617299
74,139,1409.93117
114,181,1410.810339
71,133,1411.13154
76,144,1411.472863
70,138,1411.792402
46,120,1412.061308
77,157,1412.404632
154,212,1412.888201
49,122,1413.168086
118,181,1413.593969
104,182,1414.002237
87,157,1414.354636
95,159,1414.706229
67,129,1414.990596
84,153,1415.324602
35,110,1416.02106
167,232,1416.568676
59,127,1416.861923
48,119,1417.128259
89,158,1417.479767
114,179,1417.874688
90,163,1418.237566
64,133,1418.529725
100,168,1418.899067
52,130,1419.18113
114,190,1419.605609
5,40,1419.686249
111,186,1420.102481
50,121,1420.366356
27,113,1421.087085
46,124,1421.37575
61,134,1421.695801
80,153,1422.052119
69,136,1422.358167
136,210,1422.819363
69,137,1423.13033
52,126,1423.404281
53,123,1423.666196
39,118,1423.919576
79,151,1424.261882
84,146,1424.586129
45,118,1424.839724
89,160,1425.198764
5,99,1425.414557
41,106,1426.110501
129,197,1426.576542
0,89,1426.767357
32,115,1427.014776
128,198,1427.452038
51,121,1427.706415
57,129,1427.995947
196,264,1428.602239
55,124,1428.87446
59,130,1429.155779
63,132,1429.440759
30,102,1429.66431
72,138,1429.969426
0,102,1430.188309
59,128,1430.913141
137,209,1431.413134
84,152,1431.74727
18,101,1431.961078
68,135,1432.257622
60,131,1432.543318
44,116,1432.804933
57,134,1433.116002
66,145,1433.44821
166,234,1433.962321
135,203,1434.410785
83,147,1434.734218
39,111,1434.976155
181,247,1435.979095
25,108,1436.228163
125,188,1436.653714
134,198,1437.08797
77,146,1437.412369
33,107,1437.662992
56,128,1437.962964
38,121,1438.236126
76,140,1438.552957
90,157,1438.903094
19,101,1439.120807
56,130,1439.405741
34,109,1439.646464
111,183,1440.038889
48,113,1440.285336
57,128,1441.01668
115,187,1441.461498
87,162,1441.820443
84,160,1442.163044
27,100,1442.384949
72,139,1442.710083
87,149,1443.053018
96,159,1443.412441
167,232,1443.929215
36,113,1444.175863
139,204,1444.626014
104,168,1444.995158
0,80,1445.168081
78,141,1445.481798
150,216,1446.437494
62,130,1446.723179
17,101,1446.942828
194,263,1447.675598
103,175,1448.16632
67,131,1448.467582
63,128,1448.749315
118,185,1449.159038
67,140,1449.456481
50,116,1449.726322
41,115,1449.973118
61,119,1450.234845
63,130,1450.515438
235,299,1451.69991
81,151,1452.037571
55,127,1452.31045
50,127,1452.575935
127,200,1453.02096
70,138,1453.327688
32,104,1453.559386
57,126,1453.847964
151,226,1454.354751
36,113,1454.596138
75,148,1454.910469
107,174,1455.290283
35,113,1455.530607
63,140,1456.285096
56,128,1456.584615
112,179,1456.991693
150,221,1457.485358
43,129,1457.756778
132,201,1458.206639
10,110,1458.44592
62,140,1458.743863
43,116,1458.992636
212,287,1459.636287
80,153,1459.966706
74,139,1460.272038
217,293,1461.401518
38,114,1461.667994
36,99,1461.884311
58,136,1462.177698
97,169,1462.549526
56,121,1462.817927
82,157,1463.168921
41,125,1463.441275
85,149,1463.767641
48,117,1464.031616
76,141,1464.362597
64,136,1464.664722
221,297,1465.332781
42,126,1465.59623
13,100,1466.254557
123,199,1466.731895
37,109,1466.965819
194,261,1467.536585
211,282,1468.172355
87,152,1468.50331
24,95,1468.713103
63,133,1469.018353
71,151,1469.358553
68,134,1469.64854
24,109,1469.874589
15,102,1470.088042
139,207,1470.551996
31,119,1471.25515
47,114,1471.526495
76,143,1471.849109
61,125,1472.118834
22,100,1472.330745
75,152,1472.661881
52,123,1472.923994
47,119,1473.183019
69,144,1473.509632
68,139,1473.821809
56,125,1474.091443
36,113,1474.340807
136,205,1474.795504
109,177,1475.17458
74,143,1475.506604
113,186,1476.367852
70,139,1476.689116
111,180,1477.086756
86,160,1477.437065
58,132,1477.723633
40,106,1477.95689
53,128,1478.239584
36,105,1478.474692
0,103,1478.710741
60,129,1479.003695
147,208,1479.476359
48,119,1479.724615
86,164,1480.088077
58,132,1480.388992
60,138,1480.741655
8,40,1481.284395
17,97,1481.520715
79,146,1481.855855
87,149,1482.190644
37,107,1482.417092
0,109,1482.649643
113,177,1483.043082
46,115,1483.290722
61,132,1483.573633
83,152,1483.904938
30,121,1484.162346
7,38,1484.237616
56,121,1484.506932
89,162,1484.872938
2,108,1485.109757
42,113,1485.365488
154,222,1486.361163
38,120,1486.653253
73,136,1486.952389
66,129,1487.231153
67,132,1487.517556
55,122,1487.779003
86,155,1488.1294
140,214,1488.603843
76,143,1488.915855
78,142,1489.229338
1,93,1489.426338
69,141,1489.736845
24,97,1489.946697
42,114,1490.190646
221,287,1491.311965
61,122,1491.602175
72,136,1491.90346
47,123,1492.169279
43,111,1492.424617
88,158,1492.774875
71,139,1493.06326
123,192,1493.489658
66,130,1493.774531
41,113,1494.020539
81,145,1494.329028
79,137,1494.734416
45,119,1495.101603
84,157,1495.469001
108,168,1495.844099
94,158,1496.666124
83,151,1497.024097
89,154,1497.391187
52,127,1497.676888
103,163,1498.048923
84,155,1498.377913
50,120,1498.633532
53,117,1498.887463
84,145,1499.202321
89,159,1499.560884
31,109,1499.801201
37,108,1500.033678
48,113,1500.280141
177,240,1500.805759
60,122,1501.513068
87,151,1501.888143
73,138,1502.197992
36,107,1502.431775
60,144,1502.741011
40,109,1502.976155
3,102,1503.190737
62,124,1503.458908
41,112,1503.708798
40,111,1503.964884
117,178,1504.369976
108,179,1504.75341
53,121,1505.007319
48,113,1505.254508
140,197,1505.692775
54,121,1505.949516
141,202,1506.904254
96,160,1507.281868
33,105,1507.50872
101,165,1507.86236
85,152,1508.200835
131,201,1508.644807
46,117,1508.890455
95,157,1509.235089
72,137,1509.527556
71,144,1509.834409
72,136,1510.135712
13,106,1510.374643
77,142,1510.699949
88,150,1511.036296
48,117,1511.760862
52,115,1512.019282
143,215,1512.489359
75,142,1512.798758
63,128,1513.078941
43,122,1513.336628
40,118,1513.593622
60,131,1513.879951
52,119,1514.135676
58,120,1514.401897
88,165,1514.761513
54,121,1515.024282
93,156,1515.377088
57,125,1515.650136
51,118,1515.917209
13,36,1515.994864
87,144,1516.789406
0,89,1516.977922
6,48,1517.081412
57,121,1517.35952
57,111,1517.613767
53,116,1517.869928
68,128,1518.147194
58,129,1518.425261
15,93,1518.622129
52,125,1518.893405
10,99,1519.110085
69,137,1519.420074
194,259,1519.992917
76,138,1520.294369
48,112,1520.539532
71,130,1520.817252
34,105,1521.524216
144,209,1522.045828
30,99,1522.268982
91,150,1522.595011
69,137,1522.898106
85,145,1523.221384
127,199,1523.670466
34,111,1523.916309
43,113,1524.170963
54,116,1524.431041
1,50,1524.531801
77,146,1524.844449
88,148,1525.165994
69,130,1525.455025
35,106,1525.687156
75,139,1526.00416
53,123,1526.749907
55,126,1527.043112
82,156,1527.390905
112,176,1527.80385
82,151,1528.145678
60,137,1528.442124
65,139,1528.744416
50,125,1529.025992
93,173,1529.535164
80,143,1529.955145
29,106,1530.198599
71,144,1530.521318
90,157,1530.875065
72,139,1531.193402
86,149,1532.022548
48,113,1532.287126
112,179,1532.693002
41,115,1532.945063
71,135,1533.241819
144,215,1533.734756
130,191,1534.161063
98,162,1534.523409
99,156,1534.866509
39,115,1535.119387
75,142,1535.443856
99,162,1535.815136
32,102,1536.035532
73,136,1536.331539
88,151,1537.135566
19,103,1537.363779
1,103,1537.584281
45,123,1537.856302
50,122,1538.130385
82,148,1538.453195
118,183,1538.865879
60,130,1539.144043
45,116,1539.402636
159,223,1539.901836
64,137,1540.208329
86,154,1540.564317
61,125,1540.841866
6,91,1541.036011
58,125,1541.305079
69,145,1542.089813
44,115,1542.34935
50,119,1542.614013
58,132,1542.914518
78,154,1543.241913
38,112,1543.484186
112,182,1543.883387
75,155,1544.213677
107,177,1544.605863
57,127,1544.891317
39,111,1545.148744
58,129,1545.444783
63,133,1545.737923
180,246,1546.290738
60,127,1547.014832
138,207,1547.488231
49,123,1547.758707
53,123,1548.023087
72,139,1548.341793
61,123,1548.621576
31,112,1548.868869
62,125,1549.141664
30,101,1549.357558
74,137,1549.656468
31,106,1549.87823
46,119,1550.132219
87,154,1550.466843
46,118,1550.713673
57,119,1550.971794
98,160,1551.325718
121,189,1552.224545
7,58,1552.342596
70,132,1552.63453
57,132,1552.932735
90,158,1553.30414
43,114,1553.5633
31,99,1553.782319
124,190,1554.219101
79,153,1554.558188
177,243,1555.10394
36,111,1555.34425
123,189,1555.764013
50,128,1556.038815
79,149,1556.360039
79,140,1557.173261
127,194,1557.628308
157,226,1558.133564
75,143,1558.44697
50,120,1558.705215
68,131,1558.989524
143,205,1559.469336
5,97,1559.699733
50,113,1559.948828
82,156,1560.289152
94,162,1560.648997
133,200,1561.084765
62,138,1561.373658
104,173,1562.23783
17,65,1562.37411
60,123,1562.645104
212,277,1563.262896
50,125,1563.534418
55,123,1563.811008
211,279,1564.459836
136,201,1564.912388
7,38,1564.989745
74,148,1565.307699
73,135,1565.597107
36,114,1565.844718
43,115,1566.088342
74,144,1566.401362
85,151,1567.220094
69,139,1567.547447
85,150,1567.886426
12,100,1568.096066
60,120,1568.363317
246,307,1569.054365
73,146,1569.369016
44,113,1569.617168
77,146,1569.939818
101,167,1570.313248
38,112,1570.640719
60,126,1571.037915
69,137,1571.381732
68,138,1571.687012
35,112,1572.393217
0,89,1572.602986
64,127,1572.904484
93,158,1573.279983
88,152,1573.662541
43,103,1573.898241
22,98,1574.115821
35,108,1574.343739
62,131,1574.626747
44,113,1574.866971
66,136,1575.172611
152,211,1575.669199
74,142,1575.991937
62,127,1576.275398
61,128,1576.55801
44,118,1576.807421
141,212,1577.781913
45,117,1578.037657
59,128,1578.338335
45,114,1578.582523
0,105,1578.815659
95,162,1579.185288
3,108,1579.435194
86,160,1579.78402
45,118,1580.03866
168,234,1580.564203
106,181,1580.9772
34,109,1581.220766
173,245,1581.772342
117,181,1582.671775
98,170,1583.087502
61,132,1583.384374
108,175,1583.77194
85,160,1584.122711
48,119,1584.379635
167,239,1584.920264
57,132,1585.209327
73,145,1585.52727
56,129,1585.814603
29,112,1586.054337
0,107,1586.282724
80,150,1586.619106
64,137,1586.911521
135,204,1587.843951
75,139,1588.158046
68,138,1588.47577
2,106,1588.711241
34,111,1588.971275
101,171,1589.359765
0,104,1589.582314
63,131,1589.871114
14,109,1590.10591
64,138,1590.407167
72,145,1590.728056
60,133,1591.018415
103,169,1591.393611
167,234,1591.920908
30,106,1592.616912
111,184,1593.065859
66,139,1593.38197
56,127,1593.655427
78,148,1593.980794
44,110,1594.216892
62,117,1594.482291
40,127,1594.756797
59,129,1595.041132
223,293,1595.70537
34,113,1595.942507
41,124,1596.210107
42,124,1596.48848
0,115,1596.757987
1,93,1596.967937
168,239,1597.972315
57,125,1598.249423
73,145,1598.576327
57,122,1598.858386
110,177,1599.271035
180,249,1599.847271
39,123,1600.117464
69,138,1600.41939
28,112,1600.664255
65,137,1600.958979
89,160,1601.30572
11,98,1601.514616
67,140,1601.827981
46,113,1602.07719
3,109,1602.797694
0,96,1603.025041
66,142,1603.343605
86,151,1603.681993
103,165,1604.060894
33,110,1604.309724
84,151,1604.656761
101,166,1605.034828
55,131,1605.319002
99,168,1605.69033
51,116,1605.955509
89,153,1606.305307
63,142,1606.616739
194,264,1607.209756
92,155,1608.219711
116,188,1608.656404
26,111,1608.892393
48,117,1609.168785
105,177,1609.541231
60,136,1609.834119
100,171,1610.216704
217,284,1610.845834
127,197,1611.269689
5,37,1611.343923
165,237,1611.877674
82,153,1612.229655
27,119,1612.940044
86,161,1613.33374
56,128,1613.617777
68,134,1613.917028
130,204,1614.3677
77,142,1614.673555
57,134,1614.970995
44,109,1615.215255
0,98,1615.439136
69,147,1615.774143
171,243,1616.326508
36,107,1616.550078
75,150,1616.875984
181,246,1617.44579
103,171,1618.30012
47,131,1618.592568
66,144,1618.928546
38,107,1619.16536
59,132,1619.453966
18,102,1619.669434
80,151,1620.010949
42,126,1620.275014
68,140,1620.575648
41,116,1620.828134
87,158,1621.176734
33,120,1621.434366
309,383,1622.297165
106,174,1623.130373
53,121,1623.426628
40,111,1623.687674
141,216,1624.183923
3,55,1624.295176
180,250,1624.861499
0,109,1625.099329
37,112,1625.339663
54,139,1625.633265
106,173,1626.014184
114,184,1626.424503
45,126,1626.704878
71,138,1627.004455
61,144,1627.317549
64,150,1628.105839
117,182,1628.537164
56,130,1628.83907
44,126,1629.119339
10,91,1629.326321
40,110,1629.56829
41,112,1629.816251
131,202,1630.262169
65,156,1630.606233
99,187,1631.0175
150,226,1631.516789
159,231,1632.020731
54,129,1632.302597
47,139,1633.053369
44,127,1633.359802
151,226,1633.875382
112,185,1634.28768
0,114,1634.541007
41,116,1634.796702
87,158,1635.150981
25,114,1635.392877
53,129,1635.669755
65,144,1635.979575
76,148,1636.312973
108,188,1636.742469
56,140,1637.064923
67,140,1637.369543
0,91,1637.997206
55,138,1638.332518
61,139,1638.646271
68,139,1638.942923
60,148,1639.260434
105,184,1639.670276
74,146,1639.984584
29,109,1640.209981
59,138,1640.504594
40,141,1640.812378
99,167,1641.190436
80,151,1641.546719
85,166,1641.9258
61,133,1642.221412
75,152,1642.990923
179,247,1643.611488
36,109,1643.854645
60,132,1644.151219
18,109,1644.387078
85,160,1644.730208
31,114,1644.991199
0,100,1645.210998
78,158,1645.558414
59,129,1645.837034
0,94,1646.03816
25,104,1646.263768
44,118,1646.530102
188,257,1647.134283
66,145,1647.454445
199,265,1648.528131
54,132,1648.818369
257,324,1649.554643
64,144,1649.872958
122,196,1650.304161
106,184,1650.709191
116,182,1651.111322
117,192,1651.543576
49,130,1651.891271
0,115,1652.268138
116,185,1652.724383
103,170,1653.5849
161,233,1654.120597
43,117,1654.373874
8,101,1654.59628
2,116,1654.85462
24,111,1655.087777
109,173,1655.470001
64,135,1655.762488
178,251,1656.347004
30,113,1656.599872
65,137,1656.906113
148,211,1657.372378
115,184,1657.777287
85,154,1658.581432
218,287,1659.240954
81,161,1659.598426
35,108,1659.831276
110,178,1660.237325
162,234,1660.76264
70,144,1661.082506
53,132,1661.377361
131,197,1661.823866
95,156,1662.170379
33,108,1662.412544
32,106,1662.641635
77,147,1663.396635
68,144,1663.747036
30,111,1663.986558
1,104,1664.210933
60,134,1664.495812
72,158,1664.844704
120,191,1665.261572
148,229,1665.764839
40,122,1666.024966
156,229,1666.542823
86,153,1666.89828
102,171,1667.283633
66,138,1667.583
144,224,1668.52923
56,127,1668.822444
87,163,1669.196388
56,130,1669.498453
128,204,1669.967434
151,223,1670.469527
59,141,1670.779559
76,147,1671.100708
86,161,1671.466927
76,152,1671.818681
35,121,1672.089775
30,106,1672.330511
0,112,1672.581687
27,111,1672.826787
68,137,1673.580816
19,104,1673.827927
53,132,1674.130308
102,166,1674.489325
37,107,1674.723723
21,112,1674.968598
51,112,1675.229358
89,151,1675.578555
75,151,1675.921987
44,116,1676.174453
269,334,1676.923356
45,136,1677.214879
84,159,1677.563196
69,140,1677.868889
76,144,1678.640886
74,138,1678.972686
41,112,1679.225179
85,153,1679.562687
44,119,1679.820156
80,144,1680.137245
130,199,1680.590733
50,110,1680.835847
120,186,1681.247003
70,133,1681.539457
61,134,1681.828792
66,135,1682.11975
1,40,1682.200353
103,173,1682.593166
87,153,1682.920821
60,123,1683.636313
89,157,1684.005973
1,101,1684.226372
22,111,1684.463824
57,128,1684.739516
85,153,1685.087171
128,205,1685.56153
5,41,1685.650343
142,213,1686.131131
27,103,1686.357031
76,147,1686.676247
86,155,1687.013895
68,142,1687.324678
28,113,1687.566334
79,144,1687.879246
36,115,1688.574319
161,226,1689.109933
50,121,1689.366895
90,163,1689.721675
111,168,1690.091037
108,189,1690.520679
157,220,1691.027467
78,138,1691.342095
67,133,1691.634726
271,330,1692.380056
66,137,1692.674352
38,103,1692.898954
55,133,1693.656758
103,173,1694.061403
5,96,1694.264247
118,182,1694.666286
50,129,1694.946431
72,141,1695.26004
1,93,1695.467239
54,116,1695.739305
84,151,1696.086673
100,167,1696.465149
133,203,1696.916155
69,136,1697.214737
87,159,1697.561473
45,128,1697.843724
63,134,1698.58885
54,119,1698.880702
61,129,1699.172324
106,178,1699.560731
63,141,1699.858448
30,112,1700.101112
29,119,1700.421082
1,35,1700.516317
82,147,1700.952182
73,134,1701.264219
84,162,1701.629284
71,141,1701.930537
29,123,1702.20232
97,165,1702.574295
37,106,1702.814628
110,182,1703.233852
109,176,1704.090018
46,110,1704.34149
146,214,1704.814039
94,161,1705.173977
111,181,1705.570254
71,134,1705.857582
69,132,1706.13657
27,105,1706.357513
73,144,1706.675066
58,137,1706.974424
43,102,1707.198699
166,249,1707.771522
77,144,1708.081012
53,125,1708.804645
137,206,1709.296646
73,144,1709.608796
84,149,1709.942802
76,137,1710.237681
60,141,1710.549977
53,127,1710.821074
0,85,1710.999869
1,38,1711.073229
46,129,1711.345729
108,168,1711.712805
5,40,1711.795477
59,130,1712.081653
43,110,1712.331825
70,139,1712.647275
72,143,1712.97336
95,169,1713.815077
109,169,1714.230997
65,137,1714.549813
69,139,1714.869586
167,232,1715.39444
15,101,1715.614339
140,210,1716.080497
67,134,1716.373158
88,152,1716.702989
92,152,1717.050608
117,192,1717.49272
73,147,1717.81795
65,139,1718.122082
55,114,1718.822325
11,93,1719.056621
55,109,1719.311324
3,94,1719.521112
8,40,1719.603156
121,188,1720.015713
61,125,1720.292157
74,139,1720.599975
98,169,1720.958518
111,171,1721.350026
160,234,1721.895906
1,92,1722.095945
92,157,1722.445728
66,136,1722.741486
108,175,1723.128287
116,184,1724.048814
34,107,1724.311319
71,143,1724.631625
59,143,1724.943464
91,152,1725.278927
77,145,1725.602191
55,130,1725.898148
55,120,1726.169626
8,88,1726.367825
78,150,1726.695387
90,163,1727.048623
7,32,1727.10916
0,100,1727.325656
93,164,1727.691692
61,136,1727.983689
82,144,1728.304696
80,145,1729.095107
28,94,1729.326491
68,134,1729.630517
9,41,1729.717526
83,142,1730.029253
91,171,1730.405978
141,207,1730.870586
135,197,1731.304536
32,110,1731.537372
46,128,1731.825292
35,112,1732.066992
35,137,1732.368602
38,105,1732.597161
3,36,1732.662882
124,197,1733.089369
89,156,1733.877827
90,153,1734.266629
52,119,1734.542463
69,131,1734.824216
37,108,1735.060995
43,121,1735.323875
62,132,1735.597347
56,118,1735.856036
59,126,1736.137218
91,154,1736.485789
34,123,1736.751057
52,119,1737.010964
79,146,1737.33675
55,111,1737.582892
69,135,1737.88244
51,110,1738.138439
71,134,1738.450506
44,117,1739.189852
81,145,1739.52496
8,40,1739.606663
33,106,1739.832097
90,158,1740.18421
90,155,1740.527812
55,112,1740.823863
1,99,1741.150461
105,164,1741.578353
94,166,1741.959891
73,124,1742.232968
59,115,1742.494351
62,128,1742.769573
5,102,1743.003565
63,128,1743.298245
80,144,1743.631815
74,141,1744.423117
56,116,1744.683748
66,130,1744.974715
16,89,1745.165217
7,46,1745.252816
72,139,1745.560536
4,36,1745.628722
54,123,1745.895455
92,158,1746.250496
1,28,1746.306505
36,104,1746.536765
96,161,1746.89565
48,112,1747.140851
72,136,1747.453861
45,130,1747.754528
148,213,1748.235143
53,128,1748.506822
41,117,1749.201579
90,157,1749.585383
3,101,1749.811599
59,129,1750.106188
73,140,1750.42499
151,218,1750.926409
94,163,1751.281004
25,113,1751.526514
39,117,1751.78393
67,145,1752.114629
34,105,1752.35041
48,116,1752.611045
46,117,1752.864052
56,120,1753.127984
83,147,1753.451699
82,144,1753.781788
69,141,1754.573232
83,144,1754.901995
67,132,1755.192195
85,149,1755.538
34,112,1755.789894
165,236,1756.34681
8,91,1756.546765
46,115,1756.802116
98,164,1757.170504
1,96,1757.373196
126,202,1757.826509
44,108,1758.071821
77,145,1758.408835
60,123,1758.686844
61,140,1759.453343
89,156,1759.82241
103,176,1760.215315
11,41,1760.295653
60,134,1760.588731
37,116,1760.837818
101,172,1761.223334
93,160,1761.597851
65,127,1761.887763
38,125,1762.167313
97,163,1762.530298
77,142,1762.841744
71,142,1763.14643
4,108,1763.378623
93,160,1763.728002
136,206,1764.646812
81,143,1764.97138
86,155,1765.304778
67,146,1765.616389
71,129,1765.905168
103,169,1766.277505
66,149,1766.610379
61,134,1766.91403
56,125,1767.188884
101,167,1767.554392
94,161,1767.907713
0,111,1768.138509
9,40,1768.217642
178,246,1768.75779
126,197,1769.680526
25,97,1769.890049
63,127,1770.164154
136,209,1770.627739
75,134,1770.920429
75,158,1771.272379
13,115,1771.529366
36,118,1771.799016
89,162,1772.161422
31,108,1772.398003
200,271,1773.005572
37,108,1773.235508
4,27,1773.286391
56,134,1773.573884
66,141,1774.331382
59,132,1774.648677
89,147,1774.980809
92,156,1775.323559
44,103,1775.552269
61,135,1775.838582
27,101,1776.054687
63,143,1776.369433
134,199,1776.829569
46,128,1777.119037
14,107,1777.358021
106,180,1777.767117
70,142,1778.074014
150,207,1778.52992
124,198,1779.423083
71,127,1779.736109
35,147,1780.061404
164,233,1780.583299
87,157,1780.930073
77,135,1781.223941
47,108,1781.470683
72,147,1781.947193
80,128,1782.267354
16,114,1782.528946
7,29,1782.589413
51,117,1782.853375
87,156,1783.19679
46,114,1783.442261
0,96,1783.65165
0,25,1783.703691
92,165,1784.086795
7,27,1784.613431
44,121,1784.905012
0,27,1784.966799
0,26,1785.019333
108,188,1785.43749
101,150,1785.767787
5,24,1785.816096
103,160,1786.170363
79,131,1786.457648
63,127,1786.727292
1,23,1786.775885
50,113,1787.021444
54,107,1787.25808
101,154,1787.605962
95,149,1787.929284
64,143,1788.24503
59,130,1788.526306
48,117,1788.78811
89,154,1789.578284
97,152,1789.962531
78,133,1790.274255
3,91,1790.480708
53,117,1790.749856
7,24,1790.801239
40,109,1791.050744
90,152,1791.384781
2,97,1791.59886
44,109,1791.841603
96,151,1792.17195
35,114,1792.417032
3,97,1792.628285
55,132,1792.913094
47,111,1793.157297
40,105,1793.386647
85,142,1793.701477
62,134,1793.991941
98,161,1794.827836
60,119,1795.117043
105,175,1795.522256
102,167,1795.910892
155,207,1796.375028
0,85,1796.557478
15,104,1796.782669
28,118,1797.042119
103,171,1797.433059
64,138,1797.756221
7,29,1797.820623
74,132,1798.115202
7,27,1798.169494
54,116,1798.430807
49,119,1798.69125
42,106,1798.922445
6,32,1798.985716
113,177,1799.849142
7,27,1799.910074
50,103,1800.152567
13,79,1800.328112
6,26,1800.379709
65,130,1800.661117
71,131,1800.951302
41,92,1801.147663
89,153,1801.490294
57,124,1801.775313
92,162,1802.148882
5,24,1802.201868
98,166,1802.570157
210,262,1803.16089
37,102,1803.380722
51,111,1803.62317
58,135,1803.913693
11,32,1803.979527
6,25,1804.03187
67,122,1804.755903
3,22,1804.809487
40,103,1805.055681
34,92,1805.256469
54,137,1805.554316
33,112,1805.801955
5,21,1805.846499
79,135,1806.154121
31,90,1806.362564
15,33,1806.433302
77,120,1806.711128
32,110,1806.961691
85,140,1807.278072
80,144,1807.589608
11,35,1807.661311
17,98,1807.876229
25,101,1808.088325
4,108,1808.31938
3,32,1808.385821
169,210,1808.853359
114,158,1809.204529
138,187,1810.097609
60,105,1810.33165
63,118,1810.592332
0,85,1810.772864
5,25,1810.824905
33,115,1811.083583
4,27,1811.140074
116,159,1811.483381
83,141,1811.80579
46,101,1812.041333
64,126,1812.336027
9,32,1812.405604
6,24,1812.455744
72,128,1812.745611
84,141,1813.04671
87,156,1813.388273
14,33,1813.455731
3,103,1813.677964
6,25,1813.728328
65,114,1813.975389
137,191,1814.884738
4,30,1814.951025
16,105,1815.191853
86,134,1815.492353
61,112,1815.73634
85,152,1816.072341
188,225,1816.573888
10,31,1816.635968
73,130,1816.919401
8,43,1817.002516
70,139,1817.305956
7,27,1817.360072
7,26,1817.411158
63,118,1817.658329
52,103,1817.883976
132,165,1818.254193
31,127,1818.539009
91,167,1818.920394
67,132,1819.226995
56,129,1819.977882
155,220,1820.479362
44,114,1820.725543
123,188,1821.143021
135,202,1821.600396
48,121,1821.865536
114,189,1822.38049
4,24,1822.450983
62,135,1822.846545
68,138,1823.173935
112,171,1823.559348
56,114,1823.818824
18,103,1824.043342
46,116,1824.301111
15,95,1824.516648
109,179,1825.385946
3,100,1825.598778
234,302,1826.295992
27,93,1826.513874
87,146,1826.856064
19,82,1827.041721
90,146,1827.365751
17,105,1827.59607
95,160,1827.955022
54,97,1828.167886
52,136,1828.464097
69,147,1828.802513
104,174,1829.204431
115,177,1829.605246
63,144,1830.387105
116,174,1830.791985
91,167,1831.164024
0,105,1831.389265
15,104,1831.613648
28,91,1831.810605
5,27,1831.863233
70,145,1832.179745
50,129,1832.466662
54,119,1832.729935
77,142,1833.050925
138,194,1833.493759
109,185,1833.930796
102,169,1834.332211
88,146,1834.665647
209,285,1835.783301
108,159,1836.130469
125,197,1836.557486
172,235,1837.099324
83,148,1837.440101
63,136,1837.747286
62,121,1838.011069
116,184,1838.42051
96,166,1838.779243
121,187,1839.195518
81,152,1839.519917
45,111,1840.202936
40,127,1840.501746
84,149,1840.841458
177,239,1841.377375
63,138,1841.67697
5,37,1841.755413
103,167,1842.125019
138,206,1842.60482
32,121,1842.880211
68,135,1843.173577
0,93,1843.368829
55,144,1843.678035
84,162,1844.02911
19,105,1844.270631
200,261,1845.351897
65,130,1845.65834
71,146,1845.981623
9,36,1846.055742
77,134,1846.347574
107,172,1846.717512
1,26,1846.769551
71,139,1847.067533
214,282,1847.700653
78,148,1848.027634
71,133,1848.316294
33,117,1848.563939
5,24,1848.613669
173,236,1849.14806
3,32,1849.209068
9,36,1849.288035
36,118,1849.552356
3,93,1850.211856
15,40,1850.302867
117,173,1850.71497
141,208,1851.178406
3,43,1851.267889
38,117,1851.51318
58,116,1851.765224
100,166,1852.132977
78,138,1852.436946
3,108,1852.669502
83,136,1852.973691
37,128,1853.255888
100,155,1853.598659
67,138,1853.907254
47,114,1854.168998
38,114,1854.436149
97,151,1855.222324
8,31,1855.296255
0,28,1855.358806
63,123,1855.651893
88,153,1855.99466
4,107,1856.224799
93,161,1856.576524
42,115,1856.819866
3,26,1856.872952
59,117,1857.129996
16,103,1857.350467
76,133,1857.649102
85,152,1857.985952
115,191,1858.409851
73,123,1858.686093
21,95,1858.89919
213,281,1859.568618
53,128,1860.2995
44,105,1860.5509
50,118,1860.818744
108,176,1861.21043
63,139,1861.513177
37,98,1861.737105
22,97,1861.954017
49,108,1862.262604
118,184,1862.816925
3,100,1863.053849
0,92,1863.267627
86,151,1863.595709
155,224,1864.117443
215,296,1864.788884
16,91,1864.989329
3,28,1865.045094
46,128,1865.79541
121,182,1866.219238
117,191,1866.633577
67,134,1866.937551
54,111,1867.185389
59,121,1867.464957
3,116,1867.729348
129,196,1868.167069
3,102,1868.388975
36,105,1868.613741
80,147,1868.933571
37,120,1869.196335
87,159,1869.546759
121,196,1869.978495
3,30,1870.035769
11,125,1870.761955
6,101,1870.993373
112,177,1871.389486
124,198,1871.854559
97,168,1872.247261
70,140,1872.563267
62,139,1872.865856
64,148,1873.194552
53,130,1873.476879
52,122,1873.747965
67,149,1874.081829
50,122,1874.347925
279,352,1875.138734
124,197,1876.054468
84,151,1876.395332
82,159,1876.758716
95,164,1877.140292
30,105,1877.375634
66,137,1877.676156
5,35,1877.739419
136,204,1878.189882
39,106,1878.429606
76,150,1878.767627
1,102,1878.993606
14,110,1879.240265
49,129,1879.524084
2,110,1879.761751
129,196,1880.63585
51,134,1880.96451
84,158,1881.317395
70,140,1881.638134
54,134,1881.938761
69,142,1882.261194
147,225,1882.752108
105,178,1883.136843
11,103,1883.35779
90,157,1883.698706
3,99,1883.907336
54,144,1884.220776
103,168,1884.595917
95,169,1884.971606
0,128,1885.688372
132,202,1886.173476
40,128,1886.458102
90,165,1886.836594
12,115,1887.09485
43,131,1887.393129
55,124,1887.675882
73,147,1887.991514
127,197,1888.431306
42,117,1888.677729
35,119,1888.935085
87,167,1889.30206
56,124,1889.570799
62,136,1889.865318
111,188,1890.729353
120,189,1891.167868
66,139,1891.48783
48,133,1891.788245
106,183,1892.213819
0,123,1892.486693
202,271,1893.098629
38,123,1893.362283
52,124,1893.634972
37,117,1893.886524
56,135,1894.186371
87,160,1894.5526
142,203,1895.002126
10,42,1895.084308
70,148,1895.869055
100,177,1896.290432
118,186,1896.713471
120,188,1897.142077
66,153,1897.483171
145,224,1897.984747
53,122,1898.250421
86,165,1898.612005
175,250,1899.164369
120,189,1899.584214
33,119,1899.847552
93,171,1900.224051
152,229,1901.248319
154,227,1901.760323
111,190,1902.180998
158,237,1902.710169
76,147,1903.031549
21,117,1903.282209
50,124,1903.554797
106,175,1903.9413
74,154,1904.304554
157,233,1905.014431
57,134,1905.325164
99,176,1906.187916
41,133,1906.498667
85,169,1906.887681
152,226,1907.411982
114,190,1907.846006
101,172,1908.229865
70,142,1908.538996
99,177,1908.923821
161,237,1909.45304
5,133,1909.753486
40,125,1910.021853
113,177,1910.421623
97,168,1911.259621
9,92,1911.470734
98,161,1911.826509
63,137,1912.133118
56,141,1912.461994
20,106,1912.712075
66,141,1913.027694
98,163,1913.388909
121,194,1913.818948
68,142,1914.131222
80,157,1914.468948
30,114,1914.707782
46,133,1915.000174
42,122,1915.256136
52,126,1915.529423
129,210,1916.472536
74,147,1916.795212
150,219,1917.298796
50,142,1917.617945
29,104,1917.846107
108,171,1918.227914
57,128,1918.508551
46,135,1918.796493
64,151,1919.122466
113,185,1919.543939
4,117,1919.798732
65,145,1920.118026
95,163,1920.493464
58,126,1921.23231
62,136,1921.549281
60,133,1921.841378
47,120,1922.104856
3,123,1922.366927
107,176,1922.756033
69,153,1923.091472
37,127,1923.368675
58,125,1923.643086
7,28,1923.69922
174,246,1924.268777
140,206,1924.735196
134,212,1925.201545
74,147,1925.522327
57,136,1926.296229
74,139,1926.642988
93,161,1927.006119
2,109,1927.238615
112,172,1927.622539
95,172,1928.009028
14,121,1928.27963
76,152,1928.626402
78,156,1928.998794
101,171,1929.372216
185,248,1929.922353
59,127,1930.195034
2,126,1930.463942
50,138,1931.2062
104,180,1931.640723
97,180,1932.035837
124,201,1932.483347
4,30,1932.541227
31,119,1932.796518
110,196,1933.243708
3,102,1933.474859
70,142,1933.801169
56,140,1934.115472
68,141,1934.420928
4,106,1934.642884
8,36,1934.71693
100,180,1935.124139
69,144,1935.438108
36,142,1936.191868
0,35,1936.281832
1,96,1936.50961
4,24,1936.560378
84,149,1936.898012
81,153,1937.237423
70,136,1937.533332
5,125,1937.808739
64,159,1938.168874
63,127,1938.453006
0,70,1938.608722
5,132,1938.899697
62,123,1939.166036
137,225,1939.679997
85,162,1940.042359
25,113,1940.281782
71,163,1940.634212
75,162,1941.467805
214,285,1942.119971
17,104,1942.342297
58,138,1942.662188
1,41,1942.777272
59,125,1943.183237
15,109,1943.451924
60,119,1943.731652
22,114,1943.98135
80,157,1944.341379
188,255,1944.921119
28,101,1945.136991
74,142,1945.458699
10,37,1945.53668
16,118,1945.808602
96,168,1946.66573
58,132,1946.972034
64,134,1947.274231
7,93,1947.48227
6,120,1947.732035
157,239,1948.266728
22,125,1948.54551
140,213,1949.02928
157,231,1949.578936
55,126,1949.865747
3,124,1950.142547
28,110,1950.384236
40,121,1950.655454
116,187,1951.077727
39,111,1951.843056
62,136,1952.169281
126,199,1952.619922
65,133,1952.915851
60,143,1953.225463
249,320,1953.945622
132,196,1954.384358
74,145,1954.703544
31,111,1954.944197
148,223,1955.44199
147,212,1955.91595
156,232,1956.933115
91,162,1957.305156
71,140,1957.61125
31,111,1957.854371
125,207,1958.317432
38,124,1958.596331
30,117,1958.865157
81,154,1959.221334
96,162,1959.597195
3,30,1959.661321
38,112,1959.898836
89,166,1960.252534
107,183,1960.651531
88,164,1961.009984
66,139,1961.779932
124,205,1962.29216
55,139,1962.608015
29,129,1962.888892
64,147,1963.207753
82,164,1963.566616
79,154,1963.900624
60,129,1964.172105
161,241,1964.715319
31,127,1964.996764
58,139,1965.31869
65,134,1965.629064
64,133,1965.926295
3,41,1966.010935
186,254,1967.044312
66,137,1967.357908
68,150,1967.688691
74,152,1968.024766
54,133,1968.314632
156,232,1968.855443
88,163,1969.227764
0,108,1969.454877
41,131,1969.742897
176,254,1970.289873
1,113,1970.533617
0,99,1970.740237
47,132,1971.026073
70,138,1971.773438
39,119,1972.058502
87,162,1972.423313
90,169,1972.789014
21,120,1973.044441
65,142,1973.351404
93,167,1973.732157
12,109,1973.976339
55,125,1974.266731
56,134,1974.675687
62,142,1975.080455
80,156,1975.437005
115,192,1975.871364
46,124,1976.137906
0,101,1976.351959
126,193,1977.255624
70,139,1977.575384
50,120,1977.842524
81,156,1978.20064
132,200,1978.674865
6,33,1978.740254
161,234,1979.255576
0,117,1979.509674
52,125,1979.781141
17,115,1980.037231
78,149,1980.37402
51,124,1980.645504
47,126,1980.924984
47,124,1981.187084
44,116,1981.432955
71,148,1982.238219
23,106,1982.478272
108,180,1982.890414
17,112,1983.149024
86,148,1983.477858
163,224,1984.002952
87,150,1984.333837
282,336,1985.08757
30,117,1985.340477
46,122,1985.606941
23,110,1985.837698
29,119,1986.095707
48,124,1986.360002
74,153,1987.134856
43,122,1987.430773
63,133,1987.731053
71,138,1988.027879
61,137,1988.327049
34,119,1988.588208
86,161,1988.936116
45,120,1989.19587
118,189,1989.618669
64,131,1989.897943
36,120,1990.15173
89,155,1990.488378
2,49,1990.58428
42,117,1990.839312
12,101,1991.054838
68,141,1991.377315
211,277,1992.488458
54,123,1992.765211
24,99,1992.985533
49,129,1993.264559
3,35,1993.328877
55,125,1993.603335
45,108,1993.838609
26,123,1994.10437
142,217,1994.585657
2,30,1994.643081
7,42,1994.727971
7,35,1994.795837
40,121,1995.06363
71,155,1995.405556
83,148,1995.736128
20,97,1995.95612
63,135,1996.263568
29,117,1996.53353
10,45,1997.077941
82,165,1997.464814
73,136,1997.770729
88,149,1998.095811
7,61,1998.210414
76,152,1998.536889
101,166,1998.884216
63,130,1999.171076
81,161,1999.546994
37,111,1999.801124
82,145,2000.135144
114,176,2000.529574
63,127,2000.805002
105,181,2001.203577
62,141,2001.508222
52,113,2002.216176
47,122,2002.488355
3,28,2002.543823
21,52,2002.647433
5,107,2002.877497
123,191,2003.311553
4,60,2003.425718
89,156,2003.759155
128,184,2004.17384
48,131,2004.467448
9,46,2004.558917
116,172,2004.955586
60,140,2005.262509
37,111,2005.510365
36,105,2005.740687
11,110,2005.979634
104,166,2006.347042
115,177,2007.199942
0,93,2007.405232
45,117,2007.666437
96,160,2008.020282
78,158,2008.375422
75,147,2008.708513
85,132,2009.012113
46,107,2009.247354
105,166,2009.610853
46,123,2009.871995
5,112,2010.115438
63,138,2010.41628
0,92,2010.609292
233,300,2011.281324
87,163,2012.125126
81,143,2012.459832
65,138,2012.76426
58,144,2013.094943
61,135,2013.410738
69,132,2013.707634
107,179,2014.103911
108,179,2014.509072
69,142,2014.821158
0,114,2015.076772
45,119,2015.353671
73,143,2015.685648
56,126,2015.974176
51,122,2016.251122
67,139,2016.561914
88,160,2017.384014
78,152,2017.726731
187,246,2018.2766
19,93,2018.472764
3,86,2018.655998
111,167,2019.02823
0,28,2019.081578
100,163,2019.444784
117,189,2019.867421
82,150,2020.358486
84,156,2020.771216
34,111,2021.023742
58,123,2021.296008
96,160,2021.665584
3,113,2022.359034
144,205,2022.848051
113,177,2023.238518
95,158,2023.602378
68,135,2023.920177
85,149,2024.27094
121,196,2024.722188
74,146,2025.056366
107,185,2025.468927
101,173,2025.849778
101,162,2026.202669
19,124,2026.470475
23,115,2026.725321
116,183,2027.60718
73,151,2027.946177
96,163,2028.311121
115,183,2028.728831
159,228,2029.265607
66,154,2029.62127
38,115,2029.887308
161,221,2030.372274
18,96,2030.582575
140,208,2031.045221
153,222,2031.529083
108,174,2031.913267
57,130,2032.654906
8,36,2032.733356
74,144,2033.060635
127,200,2033.50708
94,167,2033.88387
65,144,2034.214251
141,212,2034.705177
49,141,2035.023257
54,136,2035.317013
45,123,2035.594078
24,109,2035.833305
0,101,2036.05106
24,117,2036.308529
66,138,2036.61178
66,140,2036.921196
76,144,2037.724227
11,100,2037.958489
0,92,2038.170336
65,135,2038.473447
86,150,2038.815282
104,173,2039.186574
129,192,2039.610613
5,30,2039.672604
91,159,2040.029994
66,132,2040.338942
53,136,2040.654884
64,124,2040.939948
51,122,2041.215333
9,42,2041.296546
87,161,2041.654491
55,125,2041.924799
12,39,2042.00141
83,140,2042.794633
109,170,2043.204073
37,97,2043.418753
76,138,2043.725727
20,108,2043.958541
67,129,2044.233917
78,136,2044.536192
104,161,2044.901544
59,120,2045.156905
148,214,2045.659261
24,109,2045.903185
50,122,2046.175184
11,106,2046.404224
39,109,2046.635758
158,216,2047.116324
122,180,2047.989424
40,108,2048.228048
157,218,2048.714903
89,149,2049.048144
44,107,2049.285556
64,140,2049.612522
246,319,2050.336143
120,188,2050.740735
0,82,2050.917783
88,160,2051.26909
29,109,2051.502726
53,125,2051.776453
54,115,2052.022717
81,142,2052.792591
143,210,2053.269042
79,146,2053.591806
84,142,2053.901204
83,146,2054.224357
2,28,2054.278266
21,100,2054.492634
0,87,2054.686766
66,132,2054.970934
113,185,2055.366893
17,46,2055.457182
154,225,2055.953173
3,27,2056.007984
9,41,2056.093386
3,110,2056.33013
40,108,2056.556606
53,117,2056.811862
2,102,2057.030089
188,255,2058.099898
89,153,2058.591173
80,146,2058.986029
87,145,2059.321486
3,121,2059.595506
60,124,2059.873493
78,141,2060.187579
0,26,2060.238536
34,111,2060.482769
65,141,2060.79584
104,168,2061.1704
129,194,2061.613064
5,31,2061.673356
55,119,2061.936609
4,31,2061.997239
9,110,2062.24465
56,116,2062.969914
110,184,2063.414002
63,134,2063.716611
79,151,2064.062634
31,90,2064.257241
86,153,2064.601074
14,99,2064.81426
153,221,2065.320626
57,126,2065.603629
6,97,2065.832375
151,218,2066.341574
1,91,2066.533476
5,45,2066.623293
168,220,2067.115185
46,105,2067.34392
120,189,2068.250185
59,138,2068.56517
0,108,2068.815509
129,190,2069.259101
64,136,2069.57246
65,129,2069.853365
132,204,2070.310927
51,124,2070.580469
114,176,2070.964781
71,139,2071.26983
40,107,2071.516339
78,151,2071.873313
90,169,2072.25726
83,150,2073.031502
102,163,2073.421632
0,108,2073.664874
141,203,2074.141723
72,137,2074.45724
51,130,2074.752268
76,148,2075.092173
84,148,2075.4121
153,210,2075.885349
58,120,2076.149338
83,152,2076.494813
55,108,2076.74373
77,136,2077.06949
48,115,2077.330455
63,131,2077.622679
106,174,2078.485122
17,105,2078.718183
104,169,2079.09257
114,170,2079.472153
114,179,2079.872309
56,129,2080.1693
114,188,2080.614008
124,193,2081.045668
73,148,2081.362653
45,127,2081.641088
154,225,2082.151945
5,104,2082.379463
164,230,2083.370726
71,130,2083.669538
82,146,2083.993031
113,175,2084.384197
56,117,2084.636537
89,162,2084.99054
69,144,2085.307714
82,159,2085.661528
92,157,2086.012887
19,110,2086.249719
59,129,2086.524272
7,29,2086.581581
7,38,2086.657705
18,97,2086.877
76,150,2087.224402
79,148,2087.563575
45,121,2088.289157
54,125,2088.585235
61,136,2088.894343
67,125,2089.168406
56,128,2089.444154
103,171,2089.819831
45,116,2090.084697
0,40,2090.178516
64,147,2090.654415
90,165,2091.070494
58,125,2091.36259
35,111,2091.599442
39,106,2091.83475
44,112,2092.077182
47,121,2092.357068
60,139,2092.656685
68,146,2093.407452
125,198,2093.905684
37,109,2094.157001
90,161,2094.530708
48,113,2094.776847
150,221,2095.269036
90,158,2095.614137
50,126,2095.894642
59,133,2096.178493
1,106,2096.401593
130,209,2096.869637
63,125,2097.14387
40,101,2097.371593
48,129,2097.669482
58,133,2097.981957
107,179,2098.858701
133,202,2099.315407
100,173,2099.69965
36,121,2099.962492
5,102,2100.185822
69,130,2100.491341
50,126,2100.777968
108,185,2101.209561
79,154,2101.549674
88,158,2101.900887
62,137,2102.200073
48,122,2102.467009
76,137,2102.773804
43,113,2103.020504
37,123,2103.754489
46,116,2104.02681
93,160,2104.399964
43,113,2104.653313
97,169,2105.022604
56,126,2105.300024
108,172,2105.676796
1,94,2105.884905
104,170,2106.280332
87,160,2106.641776
75,134,2106.939963
65,120,2107.199401
96,159,2107.551926
4,98,2107.76894
130,200,2108.673614
200,269,2109.33154
108,178,2109.725641
72,137,2110.030766
67,142,2110.339549
50,125,2110.61422
54,121,2110.887423
64,133,2111.19987
2,109,2111.441668
0,118,2111.6902
82,145,2112.007312
0,95,2112.211844
53,128,2112.492048
0,114,2112.753969
0,93,2112.963793
57,132,2113.705376
115,187,2114.152572
72,136,2114.46391
82,137,2114.782621
21,112,2115.035578
76,154,2115.381189
54,126,2115.664035
83,167,2116.025682
33,119,2116.281928
53,124,2116.555448
39,121,2116.815114
27,113,2117.061717
60,145,2117.374969
57,144,2117.683556
154,226,2118.192992
82,160,2119.004981
5,103,2119.233432
37,118,2119.497298
177,238,2120.033009
42,125,2120.301842
69,142,2120.610545
44,124,2120.885674
30,108,2121.118716
77,147,2121.447525
54,126,2121.727962
46,128,2122.015962
93,168,2122.407069
38,112,2122.662704
62,142,2122.982246
65,133,2123.707611
72,142,2124.059219
73,142,2124.399036
2,110,2124.632991
0,102,2124.855072
0,104,2125.0785
90,155,2125.429275
35,118,2125.689876
82,159,2126.153929
56,137,2126.567449
126,199,2127.035923
247,333,2127.785151
25,112,2128.02309
95,172,2128.423379
4,30,2128.481499
107,162,2129.345123
72,137,2129.656224
127,196,2130.09683
110,180,2130.493442
72,147,2130.823991
145,218,2131.308932
37,126,2131.581704
8,57,2131.697195
52,122,2131.974789
48,124,2132.237045
141,212,2132.717649
97,174,2133.117057
70,142,2133.435025
72,133,2134.204937
105,170,2134.604097
62,132,2134.905897
134,200,2135.357562
57,118,2135.615271
52,126,2135.896231
77,138,2136.206878
0,111,2136.443264
18,112,2136.68792
3,99,2136.904543
3,23,2136.95203
107,171,2137.348473
38,111,2137.606566
59,125,2137.890294
97,175,2138.277914
49,125,2138.553776
103,173,2139.449255
56,124,2139.739621
7,29,2139.799454
57,114,2140.069742
117,183,2140.489987
65,129,2140.776514
2,23,2140.823358
51,111,2141.064846
110,180,2141.47456
13,116,2141.727123
59,129,2142.011725
54,118,2142.268821
74,146,2142.606884
48,121,2142.885005
100,157,2143.23948
70,137,2143.543993
33,100,2143.756722
162,227,2144.748651
30,110,2144.987368
107,178,2145.388142
5,98,2145.598237
79,143,2145.913601
81,148,2146.242229
0,106,2146.477066
114,191,2146.893039
158,225,2147.390145
1,109,2147.619074
75,142,2147.932984
99,164,2148.307702
84,154,2148.669568
38,119,2149.401342
43,117,2149.68749
73,151,2150.030851
119,184,2150.471892
64,144,2150.812667
42,116,2151.080972
61,132,2151.388088
111,171,2151.787534
77,146,2152.117353
82,155,2152.453371
49,125,2152.725381
9,36,2152.799295
105,172,2153.178151
18,111,2153.420206
32,110,2153.661691
118,184,2154.545767
96,162,2154.943891
158,232,2155.500329
85,152,2155.846598
115,191,2156.275841
9,37,2156.35315
83,146,2156.676885
137,205,2157.140617
25,106,2157.379768
66,139,2157.68421
50,116,2157.937534
100,167,2158.305209
62,139,2158.621998
148,218,2159.763991
61,136,2160.114847
122,191,2160.556969
113,178,2160.961748
56,125,2161.237521
80,151,2161.586249
47,114,2161.845255
86,172,2162.227439
152,224,2162.737522
13,113,2162.975347
76,146,2163.303566
68,144,2163.632433
2,105,2163.87067
73,154,2164.229008
51,121,2164.950326
214,285,2165.631804
63,137,2165.932424
0,122,2166.206239
48,123,2166.475829
46,129,2166.764645
95,170,2167.147474
67,134,2167.445749
87,156,2167.793267
76,155,2168.138831
63,144,2168.451628
98,162,2168.815644
120,192,2169.259831
37,114,2169.989614
44,123,2170.292166
41,113,2170.548327
48,123,2170.822871
95,169,2171.196624
95,167,2171.561442
100,173,2171.951914
64,131,2172.246153
66,141,2172.575511
54,126,2172.862513
71,144,2173.202771
79,146,2173.543092
9,119,2173.815736
29,122,2174.085627
6,128,2174.367884
97,172,2175.206001
51,122,2175.499697
132,206,2175.958387
32,107,2176.186672
140,208,2176.651917
32,114,2176.894731
96,174,2177.281888
2,103,2177.506837
31,117,2177.767258
77,146,2178.097728
71,141,2178.434307
141,223,2178.945815
19,110,2179.189191
40,115,2179.439511
56,130,2180.174154
10,117,2180.454632
190,254,2181.025487
82,163,2181.378291
40,119,2181.640964
77,154,2182.000591
87,152,2182.365683
98,160,2182.750976
110,188,2183.182641
29,121,2183.441612
69,138,2183.746433
53,126,2184.021572
62,132,2184.310964
74,146,2184.636581
79,158,2185.504445
35,130,2185.807331
45,118,2186.062413
0,99,2186.280521
78,148,2186.602589
201,272,2187.215444
49,121,2187.474315
56,130,2187.752178
76,145,2188.074534
191,265,2188.694307
103,172,2189.088034
69,133,2189.37697
34,127,2189.656336
87,162,2190.491887
0,108,2190.737235
78,148,2191.066294
51,133,2191.361242
0,108,2191.605057
129,198,2192.047995
82,160,2192.3974
141,217,2192.977748
69,138,2193.386512
8,51,2193.509051
99,166,2193.898621
53,116,2194.15901
90,159,2194.522371
103,177,2194.915598
42,119,2195.632623
180,246,2196.232374
113,183,2196.659832
4,111,2196.898242
97,166,2197.263114
49,121,2197.531971
124,198,2197.980953
79,155,2198.31625
51,129,2198.605048
113,191,2199.028368
75,147,2199.350677
22,106,2199.581119
44,112,2199.827738
37,129,2200.106096
50,128,2200.877059
63,140,2201.202612
58,132,2201.49166
0,101,2201.710158
63,138,2202.011793
53,134,2202.305606
69,144,2202.617874
133,210,2203.08267
76,143,2203.394587
85,161,2203.749293
140,220,2204.26498
17,124,2204.539615
174,249,2205.100224
35,117,2205.833793
54,139,2206.153953
108,180,2206.564757
32,120,2206.828809
41,121,2207.098125
96,164,2207.466443
85,159,2207.831465
74,152,2208.183291
79,153,2208.524545
0,99,2208.739499
93,164,2209.100433
59,147,2209.426287
89,155,2209.764462
36,117,2210.023666
131,206,2210.953598
53,141,2211.272382
82,147,2211.606186
56,128,2211.887122
0,108,2212.136083
56,134,2212.44362
83,160,2212.804647
5,124,2213.070636
64,148,2213.397253
66,142,2213.709495
41,123,2213.980185
4,110,2214.224187
39,118,2214.483337
27,119,2214.740929
69,138,2215.030497
0,102,2215.695187
110,183,2216.155374
50,128,2216.454962
87,165,2216.829152
138,213,2217.312684
4,117,2217.572129
111,190,2217.982846
56,127,2218.260171
54,133,2218.554941
58,143,2218.870694
35,121,2219.137182
0,109,2219.378151
67,152,2219.732702
90,167,2220.1263
53,125,2220.869205
73,147,2221.22164
33,109,2221.469291
82,154,2221.807371
125,200,2222.254455
52,124,2222.525999
11,114,2222.769509
66,136,2223.0667
53,126,2223.345473
66,149,2223.679147
44,119,2223.938195
111,184,2224.344809
98,170,2224.723834
67,141,2225.053816
119,185,2225.939805
84,156,2226.309008
4,117,2226.570207
60,142,2226.880746
161,229,2227.39113
118,188,2227.807215
15,116,2228.055376
10,107,2228.278493
60,131,2228.556116
128,193,2228.988397
45,130,2229.28508
90,163,2229.663059
66,150,2230.000993
90,170,2230.376007
18,105,2231.078249
96,170,2231.481729
84,153,2231.843226
49,123,2232.12776
63,147,2232.464059
27,118,2232.729628
114,185,2233.150079
29,111,2233.389702
112,179,2233.788777
56,132,2234.071161
13,111,2234.308841
9,43,2234.394517
85,158,2234.746319
0,90,2234.960142
20,99,2235.260745
91,167,2236.212738
110,178,2236.641343
24,120,2236.906526
100,168,2237.280865
125,190,2237.709543
19,122,2237.972569
57,124,2238.242727
0,117,2238.510956
73,145,2238.850909
65,134,2239.166925
49,131,2239.469065
90,168,2239.848751
90,160,2240.20074
75,143,2240.520498
44,118,2240.781768
12,102,2241.47947
143,207,2241.967854
77,150,2242.326193
57,138,2242.636897
64,144,2242.949111
72,151,2243.280063
61,137,2243.582861
62,137,2243.883776
102,183,2244.28079
308,376,2245.120115
134,216,2245.60588
75,147,2246.385857
48,112,2246.66697
3,25,2246.722364
57,126,2247.010555
99,171,2247.395417
110,179,2247.795403
36,115,2248.042892
76,150,2248.375018
15,112,2248.620492
64,132,2248.906445
13,116,2249.156716
55,128,2249.435254
48,129,2249.721842
61,126,2250.014011
87,159,2250.371517
76,148,2250.703619
43,123,2251.426513
105,175,2251.844385
58,129,2252.125278
117,195,2252.564716
81,158,2252.924428
84,161,2253.28443
75,156,2253.623697
50,127,2253.899841
77,148,2254.224145
36,117,2254.485801
54,135,2254.784148
44,119,2255.037381
67,139,2255.339579
116,194,2255.768706
32,109,2256.452565
54,128,2256.764565
178,246,2257.35
87,156,2257.691916
60,134,2257.982281
84,153,2258.308612
77,147,2258.632135
68,135,2258.934314
9,106,2259.161965
62,138,2259.460159
75,144,2259.776897
94,159,2260.125872
0,99,2260.338435
92,162,2260.700241
95,168,2261.553782
146,212,2262.060903
83,155,2262.394699
9,95,2262.595734
11,100,2262.811743
35,107,2263.043407
129,205,2263.490431
78,147,2263.82445
32,116,2264.07469
101,174,2264.455877
90,159,2264.806938
97,166,2265.177783
55,131,2265.465668
34,112,2265.711703
63,124,2266.467485
61,141,2266.801686
48,117,2267.060232
31,110,2267.300189
161,230,2267.811286
93,168,2268.172837
91,155,2268.512043
57,135,2268.820828
119,179,2269.229172
66,137,2269.543362
49,132,2269.836414
62,142,2270.151715
28,111,2270.392271
43,123,2270.65904
73,145,2271.414781
42,120,2271.707323
72,143,2272.03515
22,114,2272.293923
82,159,2272.653988
81,149,2272.999069
84,152,2273.349664
148,223,2273.859045
67,142,2274.171811
183,254,2274.741787
171,239,2275.278095
24,114,2275.633629
104,172,2276.126627
46,124,2276.864006
109,173,2277.266222
91,157,2277.615963
24,119,2277.875945
68,141,2278.204424
94,167,2278.580163
105,177,2278.991893
9,113,2279.23826
2,103,2279.461755
4,99,2279.672722
54,123,2279.941296
44,112,2280.189668
112,184,2280.617196
91,160,2280.982829
83,157,2281.772234
72,146,2282.139577
42,106,2282.385261
66,136,2282.697097
119,183,2283.11931
12,116,2283.363909
163,237,2283.911364
52,127,2284.202137
69,138,2284.507631
59,129,2284.788967
77,150,2285.124022
73,142,2285.428399
64,140,2285.745321
3,105,2285.975857
17,120,2286.239505
56,126,2286.984456
53,131,2287.295975
106,176,2287.718427
0,98,2287.940351
58,128,2288.226087
51,122,2288.490067
99,166,2288.85883
144,217,2289.342862
133,206,2289.797527
64,131,2290.097521
83,150,2290.437427
82,154,2290.798618
45,118,2291.061608
62,135,2291.362309
75,141,2292.133674
73,131,2292.435401
57,131,2292.727801
52,122,2292.992045
152,218,2293.499766
0,85,2293.686866
35,106,2293.915471
70,141,2294.217241
34,111,2294.451943
73,150,2294.781376
111,186,2295.196498
126,195,2295.620094
75,148,2295.94572
89,161,2296.296787
69,141,2297.055941
46,122,2297.341375
49,130,2297.645912
165,227,2298.176064
0,104,2298.405083
120,193,2298.827351
147,221,2299.314981
45,117,2299.573881
20,109,2299.81394
55,132,2300.103855
48,117,2300.359516
91,163,2300.703667
48,120,2300.967374
96,167,2301.335383
115,190,2302.264715
101,169,2302.663802
34,110,2302.906272
70,146,2303.223422
85,151,2303.545773
93,160,2303.904418
27,120,2304.174509
51,134,2304.481633
26,123,2304.750858
137,203,2305.2159
145,204,2305.675727
105,170,2306.042031
120,193,2306.483138
117,191,2307.397511
55,138,2307.709396
66,141,2308.021102
39,126,2308.294054
48,122,2308.55972
44,130,2308.844114
0,38,2308.922107
63,135,2309.213032
88,161,2309.563735
64,138,2309.875816
19,115,2310.209106
51,124,2310.609977
51,129,2310.921851
91,169,2311.306516
46,133,2311.595271
68,134,2312.358343
89,165,2312.759109
49,127,2313.0605
49,121,2313.328424
8,125,2313.602423
147,218,2314.102587
43,117,2314.353108
100,166,2314.742387
44,119,2314.99848
64,142,2315.333414
120,191,2315.776887
112,187,2316.212829
174,242,2316.757466
112,188,2317.640079
28,114,2317.92523
119,190,2318.36413
70,142,2318.680948
60,135,2318.988165
162,230,2319.497156
30,107,2319.744728
43,122,2320.014356
65,136,2320.320211
28,119,2320.573255
54,132,2320.861772
65,136,2321.165365
40,110,2321.413738
3,28,2321.471267
49,132,2321.763473
85,156,2322.570049
89,152,2322.93742
55,132,2323.241076
140,212,2323.71536
90,161,2324.078033
56,125,2324.357093
69,140,2324.67471
68,145,2325.014179
0,120,2325.282056
63,139,2325.594881
90,153,2325.933475
146,222,2326.423183
91,162,2326.779484
41,118,2327.035603
45,124,2327.781643
75,148,2328.115309
2,106,2328.339124
61,126,2328.614405
25,111,2328.85595
83,154,2329.195051
58,137,2329.491077
96,168,2329.863043
55,129,2330.144986
34,114,2330.391819
78,157,2330.725407
5,101,2330.946387
29,112,2331.185224
109,174,2331.572064
3,107,2331.813449
155,225,2332.79227
117,193,2333.231579
52,128,2333.5092
97,167,2333.879724
92,158,2334.225804
0,97,2334.434167
90,164,2334.791135
71,143,2335.101794
80,155,2335.437697
85,154,2335.776841
70,139,2336.094558
80,152,2336.44697
58,132,2336.747151
49,119,2337.005622
44,115,2337.7236
85,157,2338.080417
209,281,2338.701974
3,118,2338.947868
104,180,2339.343777
40,129,2339.63576
35,120,2339.900529
69,143,2340.228402
64,140,2340.535093
6,116,2340.782918
104,173,2341.171967
22,119,2341.433355
97,173,2341.806384
84,154,2342.617651
69,138,2342.952725
33,122,2343.219119
49,129,2343.495703
2,100,2343.710832
69,153,2344.039459
86,155,2344.380323
56,136,2344.670303
67,140,2344.970411
120,191,2345.39214
146,214,2345.942322
44,127,2346.354394
180,247,2346.954637
0,101,2347.169192
87,160,2348.002101
88,170,2348.382082
47,119,2348.637191
49,128,2348.911447
0,95,2349.116174
75,149,2349.443375
71,141,2349.754264
72,147,2350.093534
19,113,2350.348481
20,118,2350.616807
115,186,2351.040021
107,181,2351.435912
61,130,2351.722757
32,119,2351.979804
29,117,2352.237401
96,168,2353.12483
114,180,2353.547718
49,119,2353.802741
148,220,2354.291203
59,133,2354.577087
51,119,2354.839591
197,267,2355.437208
151,222,2355.939615
161,234,2356.490201
34,114,2356.744082
35,118,2356.997677
61,130,2357.27555
45,125,2358.006182
122,195,2358.461596
3,39,2358.540649
42,139,2358.839978
73,146,2359.156845
1,103,2359.381085
67,135,2359.67614
71,141,2359.986439
25,110,2360.22438
94,165,2360.589147
60,135,2360.878933
12,41,2360.964205
140,212,2361.440674
0,100,2361.651311
3,37,2361.727275
42,116,2361.982555
107,184,2362.850724
182,250,2363.461439
84,152,2363.796677
54,125,2364.066792
43,124,2364.334463
42,121,2364.593329
58,129,2364.884953
83,155,2365.231836
36,114,2365.480396
51,117,2365.730775
154,228,2366.237476
147,214,2366.698733
114,185,2367.123308
52,130,2367.863466
1,41,2367.957528
58,138,2368.27199
114,181,2368.669362
119,183,2369.083534
53,123,2369.360247
243,314,2370.083952
31,109,2370.320648
48,116,2370.572567
73,138,2370.883512
58,136,2371.199066
82,160,2371.562747
184,257,2372.139256
154,229,2373.140519
54,129,2373.437209
9,110,2373.673485
87,162,2374.031104
35,116,2374.286989
55,136,2374.607668
49,119,2374.861675
107,171,2375.236556
138,211,2375.699409
118,190,2376.127923
69,136,2376.439304
57,128,2376.724995
117,187,2377.136983
94,162,2377.938902
26,112,2378.221532
138,204,2378.686506
37,114,2378.930822
82,154,2379.264847
33,115,2379.515901
75,153,2379.852541
75,145,2380.164962
104,163,2380.519202
51,130,2380.799353
0,86,2380.984058
108,179,2381.493928
138,210,2382.077148
52,120,2382.34532
21,110,2382.5793
71,145,2383.370384
9,119,2383.650501
76,148,2383.993857
68,145,2384.330227
5,51,2384.430895
99,172,2384.813273
10,41,2384.896601
53,120,2385.149084
67,145,2385.457455
22,121,2385.717033
60,135,2386.025353
132,198,2386.474199
32,109,2386.716696
93,165,2387.098238
108,183,2387.50807
3,30,2387.56628
61,137,2388.324049
0,113,2388.586639
116,183,2388.994384
117,194,2389.422548
131,200,2389.870563
52,134,2390.185945
153,222,2390.682431
9,43,2390.763581
67,145,2391.079099
47,130,2391.361082
66,138,2391.661728
56,128,2391.942276
72,147,2392.265148
69,136,2392.567626
1,105,2393.248698
131,205,2393.730345
116,190,2394.147398
85,150,2394.473121
0,34,2394.538751
75,148,2394.867863
110,182,2395.278805
96,163,2395.658376
44,119,2395.931916
0,110,2396.162256
57,125,2396.434688
75,152,2396.761791
68,137,2397.057046
62,134,2397.351805
41,124,2397.625393
39,116,2398.358479
73,144,2398.697446
73,148,2399.022204
50,121,2399.290392
58,126,2399.569537
112,181,2399.973453
0,106,2400.197948
63,130,2400.489573
62,134,2400.77766
8,39,2400.855583
121,190,2401.28235
120,184,2401.695883
13,37,2401.772681
51,124,2402.035406
80,150,2402.363001
52,130,2402.642117
82,155,2403.47917
0,121,2403.759619
8,121,2404.035083
170,248,2404.593911
7,105,2404.819446
55,139,2405.113863
90,163,2405.476158
5,36,2405.552717
49,122,2405.827171
43,122,2406.098721
26,118,2406.35961
4,28,2406.41242
0,94,2406.612275
61,139,2406.917233
32,119,2407.175775
154,222,2407.669991
71,145,2408.447676
71,130,2408.743103
77,154,2409.082435
88,156,2409.417006
66,139,2409.724319
88,161,2410.07037
43,129,2410.357016
63,130,2410.652548
105,171,2411.055534
120,188,2411.486479
88,160,2411.835246
48,132,2412.120346
96,165,2412.485461
83,156,2413.267265
68,137,2413.629536
52,133,2414.058946
37,118,2414.359589
111,181,2414.777207
7,112,2415.020374
0,53,2415.126704
85,156,2415.481545
12,122,2415.759454
44,122,2416.040687
123,200,2416.484068
190,261,2417.059554
125,199,2417.501754
128,194,2417.950553
45,126,2418.703516
95,158,2419.064968
80,145,2419.381289
158,221,2419.893708
6,38,2419.972567
44,114,2420.240375
49,115,2420.507642
69,143,2420.844363
167,249,2421.408172
4,25,2421.457184
81,152,2421.792815
20,110,2422.029807
50,136,2422.323721
51,129,2422.602914
146,217,2423.523454
120,195,2423.988608
18,46,2424.088834
75,145,2424.432751
64,138,2424.755918
58,131,2425.054439
144,216,2425.547933
66,138,2425.843512
56,132,2426.136456
1,51,2426.244437
81,150,2426.591065
28,117,2426.851928
52,134,2427.142398
36,116,2427.394147
62,137,2427.687795
58,127,2427.978875
123,189,2428.897146
100,165,2429.267456
59,134,2429.562095
42,129,2429.847903
123,209,2430.301575
37,118,2430.565594
84,161,2430.900802
55,127,2431.178252
140,210,2431.6462
27,113,2431.888281
44,123,2432.153029
207,279,2432.789802
0,98,2433.007932
52,132,2433.780617
1,26,2433.835049
3,107,2434.07031
61,146,2434.394452
113,190,2434.821231
99,167,2435.189067
60,142,2435.504715
46,112,2435.741861
52,123,2436.00796
22,109,2436.263719
55,140,2436.589021
87,157,2436.947824
44,118,2437.208893
129,207,2437.664564
30,110,2437.901936
56,126,2438.619823
99,168,2439.029912
84,165,2439.407821
11,49,2439.511083
9,105,2439.740577
124,197,2440.205704
75,152,2440.556077
69,144,2440.892825
82,162,2441.269298
131,201,2441.718545
38,133,2442.00015
40,116,2442.251491
96,166,2442.757291
156,225,2443.336197
76,149,2444.151477
3,104,2444.383954
102,174,2444.786189
68,144,2445.120359
43,121,2445.40393
27,125,2445.695299
105,171,2446.070564
3,39,2446.146166
72,143,2446.458914
87,162,2446.812102
112,178,2447.203098
78,155,2447.548079
48,136,2447.847524
67,145,2448.167207
108,181,2449.05114
34,122,2449.346015
51,127,2449.632827
76,149,2449.956176
83,156,2450.313713
32,115,2450.577756
124,196,2451.051543
81,160,2451.439374
126,198,2451.884558
101,167,2452.2815
16,112,2452.529707
2,106,2452.754387
76,154,2453.10412
49,128,2453.398112
4,109,2453.636016
89,165,2454.650951
47,123,2454.937741
150,222,2455.441753
69,150,2455.791219
3,29,2455.847073
106,182,2456.260469
71,143,2456.589245
48,127,2456.874511
122,189,2457.304507
91,160,2457.656665
85,161,2458.046019
63,135,2458.341906
83,149,2458.671298
110,185,2459.531319
44,124,2459.822925
62,132,2460.122314
74,147,2460.479583
2,130,2460.762576
125,197,2461.197309
48,121,2461.46058
67,150,2461.80683
11,120,2462.074291
100,171,2462.449886
124,196,2462.892112
54,132,2463.185189
166,231,2463.726171
5,112,2463.967579
55,136,2464.741175
21,108,2464.982049
80,161,2465.346226
42,126,2465.620051
42,122,2465.882964
111,185,2466.288913
73,149,2466.615337
83,158,2466.962049
0,102,2467.181599
51,130,2467.458756
51,128,2467.739146
78,145,2468.06237
46,123,2468.352251
11,113,2468.613665
129,203,2469.531533
69,147,2469.882818
62,140,2470.202408
93,165,2470.590382
5,105,2470.828763
60,139,2471.144759
20,105,2471.381825
63,139,2471.693104
147,220,2472.181473
91,163,2472.544192
58,135,2472.856569
98,169,2473.254123
88,164,2473.630506
80,153,2473.964995
55,130,2474.689011
30,125,2474.988949
0,112,2475.233483
62,133,2475.526657
10,112,2475.778907
65,141,2476.096515
120,188,2476.521035
75,150,2476.846178
125,191,2477.271364
160,237,2477.793591
45,125,2478.060085
74,146,2478.375294
54,131,2478.660595
85,160,2479.01529
64,135,2479.783917
83,157,2480.163177
46,130,2480.449788
62,138,2480.756804
47,125,2481.029345
78,151,2481.360881
44,129,2481.639354
110,186,2482.053201
65,138,2482.352789
15,112,2482.593823
107,180,2482.986692
27,115,2483.233103
42,117,2483.484912
83,153,2483.819751
2,105,2484.044973
56,125,2484.904171
62,141,2485.319364
97,171,2485.72542
80,160,2486.081547
45,119,2486.344867
0,102,2486.566124
55,139,2486.867995
37,125,2487.145045
69,144,2487.460521
1,108,2487.702916
0,100,2487.92351
74,149,2488.245038
62,140,2488.549193
76,149,2488.876886
57,138,2489.173766
50,127,2489.905238
173,245,2490.483875
39,128,2490.762644
84,154,2491.092921
126,200,2491.532551
75,153,2491.868229
5,117,2492.114605
229,301,2492.807599
189,261,2493.414994
32,124,2493.69384
108,181,2494.086558
61,136,2494.37648
113,187,2495.294751
90,156,2495.634201
44,121,2495.898655
56,129,2496.1754
70,141,2496.482579
53,125,2496.760314
91,164,2497.11484
74,143,2497.428749
45,127,2497.710949
101,169,2498.095539
81,159,2498.467
243,311,2499.194559
41,111,2499.4277
6,107,2500.135288
53,132,2500.440326
91,164,2500.813932
61,139,2501.119824
20,115,2501.362836
72,143,2501.67561
56,130,2501.955814
167,237,2502.485043
0,103,2502.700289
65,142,2503.010552
69,143,2503.336807
60,138,2503.659277
51,132,2503.962156
59,136,2504.284008
90,157,2505.09442
105,174,2505.500458
82,153,2505.843398
47,126,2506.118082
84,157,2506.455789
87,159,2506.81057
49,127,2507.089272
80,150,2507.431118
54,130,2507.717877
156,227,2508.219298
82,154,2508.568994
60,140,2508.887307
55,128,2509.171805
65,137,2509.47505
52,126,2510.213784
113,185,2510.633957
21,125,2510.908999
104,174,2511.297198
77,149,2511.615589
49,124,2511.881362
74,146,2512.199734
71,141,2512.509673
107,179,2512.899863
13,131,2513.168812
72,143,2513.482096
91,159,2513.845269
53,138,2514.16271
43,117,2514.436479
94,166,2515.285936
9,114,2515.536304
78,153,2515.876094
43,128,2516.163538
150,224,2516.665753
9,103,2516.891868
49,123,2517.165786
0,101,2517.37802
0,93,2517.569432
26,111,2517.819778
116,182,2518.23579
57,128,2518.526594
62,131,2518.812313
61,136,2519.104782
131,203,2520.020881
36,112,2520.310839
53,126,2520.60724
74,146,2520.924412
52,126,2521.20007
104,176,2521.582371
100,172,2521.960909
76,149,2522.292561
103,176,2522.674754
62,133,2522.967229
67,141,2523.269794
46,130,2523.549032
63,139,2523.843187
72,145,2524.159631
112,186,2525.011407
0,103,2525.274431
69,141,2525.604527
77,146,2526.063366
0,107,2526.363957
66,137,2526.681592
94,165,2527.044975
71,146,2527.366595
70,143,2527.681169
97,168,2528.049908
98,167,2528.416684
82,153,2528.773928
0,115,2529.0292
58,126,2529.324377
179,257,2530.399318
6,103,2530.641175
94,168,2531.024294
65,141,2531.330502
75,147,2531.653696
89,160,2532.001343
51,121,2532.268802
35,122,2532.541219
91,161,2532.919147
94,167,2533.294081
60,128,2533.574162
85,153,2533.90844
80,148,2534.238256
87,157,2534.580062
55,128,2535.307063
54,127,2535.619408
85,155,2535.97011
100,174,2536.356743
47,134,2536.655688
35,117,2536.905817
88,159,2537.26847
74,146,2537.604515
87,157,2537.968407
82,152,2538.321289
52,125,2538.60068
49,131,2538.878132
46,120,2539.135215
76,148,2539.458996
68,139,2539.764959
83,150,2540.554157
68,135,2540.862044
100,171,2541.248533
79,147,2541.58878
55,125,2541.873939
70,139,2542.190568
90,159,2542.538796
78,143,2542.854254
52,120,2543.110829
2,107,2543.346043
79,150,2543.671759
75,142,2543.982836
52,121,2544.248024
79,149,2544.591655
64,136,2544.900043
0,112,2545.614349
16,124,2545.890415
11,111,2546.123443
75,142,2546.431422
88,165,2546.802132
2,109,2547.028006
104,177,2547.417806
51,127,2547.708767
68,139,2548.023308
100,170,2548.413703
90,155,2548.759809
79,152,2549.09329
127,196,2549.532618
20,107,2549.763479
147,218,2550.728235
50,130,2551.011044
69,137,2551.310394
70,145,2551.6264
1,111,2551.860648
131,199,2552.298258
79,151,2552.628088
51,136,2552.919903
161,234,2553.461662
31,119,2553.728903
79,151,2554.065538
2,111,2554.30367
50,129,2554.595028
75,150,2554.920176
0,120,2555.680096
199,267,2556.295106
142,209,2556.76128
44,123,2557.024217
108,180,2557.416425
84,152,2557.757953
74,142,2558.155625
79,149,2558.618315
51,123,2558.903327
85,155,2559.260903
95,160,2559.605028
1,103,2559.82774
69,146,2560.142941
54,126,2560.925452
118,190,2561.372062
99,172,2561.765975
102,169,2562.141048
84,152,2562.474024
108,178,2562.865482
48,136,2563.158678
46,120,2563.408025
127,194,2563.835847
79,149,2564.157614
74,141,2564.469817
155,225,2564.975493
0,106,2565.197551
87,158,2566.019243
11,107,2566.257173
19,107,2566.480249
80,154,2566.824528
50,118,2567.076429
21,112,2567.316534
63,129,2567.597703
95,167,2567.96756
34,116,2568.222886
63,131,2568.511921
142,211,2568.970498
90,159,2569.310133
90,163,2569.677287
37,111,2569.909574
2,107,2570.139292
136,203,2571.066309
86,156,2571.408286
54,131,2571.689504
7,106,2571.918955
48,117,2572.172015
48,122,2572.431497
119,184,2572.843353
57,123,2573.123894
78,149,2573.473095
0,110,2573.712533
6,38,2573.788622
60,129,2574.069987
0,98,2574.283131
98,169,2574.648222
95,163,2575.007655
149,220,2575.97279
71,136,2576.285082
137,207,2576.760985
37,112,2577.011463
120,188,2577.435177
120,187,2577.845304
50,123,2578.104941
79,147,2578.426956
4,102,2578.649876
32,107,2578.882437
69,142,2579.197202
68,141,2579.503691
90,162,2579.858495
1,104,2580.080776
86,156,2580.889043
131,201,2581.343744
93,162,2581.70561
147,215,2582.177132
127,203,2582.631493
54,130,2582.924826
56,128,2583.210893
65,134,2583.511374
71,140,2583.835185
0,120,2584.115707
64,135,2584.425582
78,152,2584.764288
47,120,2585.029631
33,116,2585.723735
37,118,2586.004257
65,134,2586.310817
2,103,2586.546142
39,119,2586.821328
120,192,2587.252332
57,131,2587.5359
0,106,2587.761861
134,203,2588.208988
150,221,2588.699364
125,191,2589.120323
0,108,2589.352844
39,115,2589.595824
59,136,2589.886876
1,96,2590.087332
134,207,2591.021697
33,121,2591.281374
172,245,2591.816209
140,208,2592.273182
87,155,2592.609243
37,110,2592.844422
80,155,2593.19018
73,145,2593.523775
51,129,2593.812495
72,145,2594.12178
1,99,2594.335042
93,161,2594.683787
143,215,2595.61542
108,173,2596.060738
160,229,2596.582713
149,226,2597.088094
0,92,2597.276994
87,154,2597.611437
71,137,2597.904231
39,114,2598.14448
52,124,2598.416023
28,103,2598.638086
79,153,2598.971578
147,216,2599.456077
52,129,2599.73392
123,193,2600.582449
176,246,2601.176679
40,126,2601.4584
34,125,2601.740368
75,146,2602.071639
0,38,2602.14608
80,150,2602.473016
73,147,2602.785609
50,124,2603.046992
53,127,2603.321057
56,127,2603.599799
93,163,2603.954915
3,98,2604.164063
142,210,2604.626189
3,109,2604.852896
185,260,2605.895122
62,134,2606.200046
55,134,2606.538586
54,135,2606.964853
56,130,2607.280883
77,146,2607.612803
122,193,2608.043838
3,115,2608.298632
71,139,2608.602061
2,102,2608.826287
86,159,2609.179186
85,159,2609.517998
84,155,2609.867998
64,136,2610.181021
158,229,2611.18942
112,180,2611.589517
154,223,2612.079311
185,252,2612.63946
0,98,2612.840948
63,138,2613.151481
127,196,2613.577177
50,128,2613.847892
155,227,2614.34383
9,107,2614.586563
55,129,2614.856291
2,122,2615.116844
18,106,2615.786164
70,141,2616.127156
64,142,2616.429391
111,182,2616.830392
49,120,2617.082332
81,154,2617.415242
50,128,2617.694703
44,120,2617.957286
138,205,2618.401254
77,154,2618.732838
56,126,2619.002777
37,121,2619.264794
69,144,2619.57156
71,150,2619.913507
106,174,2620.795152
3,121,2621.07345
86,158,2621.430672
44,120,2621.690993
102,173,2622.071505
106,183,2622.483081
52,126,2622.755455
2,104,2622.976366
131,201,2623.4215
73,148,2623.739924
47,128,2624.015582
58,135,2624.31068
1,101,2624.519687
65,136,2624.81004
60,140,2625.110033
227,298,2626.245107
121,192,2626.669134
29,117,2626.934604
48,120,2627.217075
59,136,2627.520521
33,116,2627.783375
55,123,2628.068311
52,123,2628.344121
0,117,2628.599283
46,136,2628.900905
78,155,2629.233792
60,131,2629.516632
69,148,2629.843153
2,110,2630.071268
56,132,2630.832372
152,225,2631.355468
62,142,2631.672879
81,154,2632.013494
169,239,2632.56844
53,129,2632.854334
63,139,2633.165081
59,132,2633.453178
51,135,2633.750921
58,129,2634.027872
66,141,2634.342057
76,151,2634.671431
59,134,2634.960963
107,184,2635.865641
74,146,2636.208774
0,110,2636.459748
2,98,2636.667684
59,136,2636.961061
83,155,2637.303249
74,153,2637.646476
79,149,2637.99295
23,114,2638.249265
65,137,2638.560998
71,152,2638.901066
74,143,2639.203628
95,169,2639.564643
84,158,2639.903939
62,142,2640.206236
87,154,2641.013886
52,128,2641.29812
114,184,2641.717107
185,253,2642.266725
63,142,2642.578293
117,185,2642.989196
118,182,2643.391509
132,211,2643.852329
75,143,2644.160047
76,143,2644.469929
157,227,2644.970863
90,164,2645.823347
95,169,2646.230137
106,173,2646.616245
50,126,2646.888876
72,144,2647.204933
72,141,2647.524205
99,175,2647.900039
91,167,2648.271899
64,136,2648.58347
62,140,2648.936561
60,138,2649.366735
33,122,2649.66716
124,193,2650.097822
63,139,2650.398402
96,172,2651.244444
62,140,2651.582896
50,126,2651.862201
94,166,2652.244228
83,153,2652.578705
50,123,2652.836687
157,224,2653.335698
249,324,2654.043964
104,173,2654.421911
75,148,2654.755729
88,158,2655.118792
64,144,2655.443734
0,115,2656.138898
65,139,2656.454558
73,152,2656.790274
70,147,2657.110719
67,142,2657.422994
139,208,2657.882163
0,109,2658.122596
14,124,2658.401915
115,184,2658.826185
11,117,2659.088547
60,136,2659.389516
4,116,2659.650246
53,133,2659.932376
192,263,2660.514325
62,139,2661.278754
55,127,2661.558507
115,184,2661.967396
65,135,2662.263597
87,153,2662.612746
56,130,2662.906382
78,154,2663.260679
106,188,2663.675954
99,170,2664.051698
71,145,2664.363199
60,133,2664.642789
0,106,2664.863786
82,161,2665.210117
93,164,2666.013522
5,138,2666.333609
104,172,2666.741836
64,155,2667.096978
4,106,2667.336299
63,145,2667.667823
80,161,2668.020465
2,105,2668.242482
95,169,2668.610892
96,172,2668.987035
142,217,2669.468004
92,166,2669.829147
154,225,2670.325791
58,137,2671.105565
59,132,2671.430273
106,192,2671.880138
122,194,2672.31269
78,149,2672.637749
81,156,2672.975039
78,156,2673.316931
61,144,2673.623886
0,110,2673.860234
96,171,2674.238099
50,131,2674.525306
45,121,2674.781595
3,100,2674.989196
76,150,2675.328304
58,137,2676.124827
41,124,2676.414742
103,193,2676.84642
3,123,2677.118324
81,153,2677.455084
162,236,2677.969555
2,101,2678.179572
44,125,2678.446984
176,249,2679.000836
64,139,2679.29671
80,156,2679.635749
141,220,2680.119387
116,191,2680.995944
37,130,2681.411347
45,138,2681.814436
48,126,2682.100222
64,140,2682.418137
93,168,2682.784242
0,115,2683.03303
116,188,2683.461822
50,139,2683.78011
1,104,2683.999317
44,138,2684.305078
80,153,2684.647566
91,166,2685.013171
0,97,2685.219385
145,222,2685.7084
0,112,2686.425933
85,169,2686.825673
115,191,2687.2565
71,149,2687.583552
62,142,2687.899492
74,153,2688.236117
126,198,2688.683437
56,134,2688.982805
94,168,2689.347003
75,147,2689.661901
141,217,2690.135795
60,136,2690.434502
163,237,2691.430124
57,131,2691.720655
49,131,2692.001302
85,160,2692.352489
56,140,2692.662724
14,113,2692.904297
52,141,2693.205966
47,130,2693.49813
99,171,2693.884034
54,130,2694.166888
54,140,2694.472603
43,127,2694.744103
112,188,2695.150515
54,131,2695.432877
121,198,2696.331474
4,126,2696.620745
64,141,2696.928059
58,143,2697.258454
6,116,2697.522031
50,125,2697.802153
45,129,2698.093092
91,179,2698.493282
136,218,2698.974154
112,194,2699.393306
146,218,2699.867384
67,144,2700.176411
142,216,2700.649313
59,137,2701.408908
39,128,2701.699964
122,205,2702.150211
35,124,2702.416141
2,125,2702.677034
115,197,2703.106395
36,126,2703.379532
0,112,2703.616456
0,108,2703.848983
53,141,2704.159369
110,188,2704.58818
81,157,2704.941989
67,144,2705.259516
9,113,2705.497999
60,149,2706.282266
92,169,2706.67452
86,162,2707.023648
33,120,2707.283436
76,162,2707.64007
1,124,2707.904292
86,163,2708.255523
65,152,2708.580902
141,219,2709.048233
77,153,2709.382148
105,179,2709.769168
79,155,2710.104693
63,143,2710.419359
103,179,2711.285939
165,240,2711.842814
69,146,2712.170066
76,154,2712.514118
64,139,2712.809095
111,189,2713.229305
51,129,2713.501793
120,194,2713.922962
87,168,2714.283361
120,193,2714.701745
1,138,2714.993933
54,133,2715.272797
80,150,2716.051727
51,144,2716.390463
239,312,2717.100371
157,228,2717.600923
76,145,2717.912992
0,114,2718.155389
85,156,2718.492307
0,105,2718.71236
67,149,2719.03767
16,113,2719.27446
76,155,2719.605211
72,148,2719.92633
53,129,2720.206607
115,188,2721.126776
112,184,2721.547738
12,46,2721.641948
51,135,2721.94074
87,164,2722.308494
95,164,2722.679171
41,121,2722.935431
71,144,2723.243927
3,56,2723.359023
53,129,2723.633248
53,129,2723.915745
0,102,2724.136915
78,160,2724.487874
5,105,2724.704867
0,113,2724.94203
59,136,2725.233782
3,121,2725.951776
94,163,2726.328643
38,118,2726.579878
89,161,2726.932763
66,136,2727.227589
117,186,2727.631236
43,131,2727.906805
13,116,2728.151153
5,124,2728.416305
61,136,2728.707576
51,136,2729.019145
3,124,2729.297547
86,161,2729.743204
3,123,2730.123973
5,38,2730.208711
12,66,2730.352529
65,144,2731.134891
17,127,2731.430673
48,149,2731.761995
60,134,2732.048988
94,164,2732.410462
94,157,2732.742813
43,130,2733.018012
102,167,2733.377602
94,162,2733.725962
26,109,2733.966541
65,133,2734.266513
50,126,2734.551746
38,128,2734.847861
72,140,2735.154656
113,185,2736.009016
60,134,2736.33045
3,109,2736.571171
3,139,2736.871068
151,223,2737.359362
50,132,2737.644727
35,122,2737.906271
64,155,2738.247698
93,164,2738.620385
51,133,2738.923769
130,204,2739.391022
97,172,2739.766459
85,153,2740.098083
100,172,2740.468875
1,117,2741.182373
141,212,2741.677132
78,150,2742.017255
85,159,2742.368236
84,168,2742.726646
0,111,2742.958614
153,220,2743.449987
96,168,2743.810255
1,104,2744.029426
67,144,2744.345042
34,121,2744.611373
97,171,2745.006082
79,159,2745.355624
104,179,2746.207745
62,155,2746.559248
105,177,2746.947522
48,132,2747.227125
60,138,2747.520769
102,179,2747.909908
42,135,2748.198807
2,109,2748.429644
153,223,2748.921632
104,180,2749.325702
62,142,2749.640661
78,156,2749.997652
88,164,2750.380136
2,38,2750.464056
102,177,2751.328852
113,185,2751.7428
144,211,2752.203494
178,247,2752.753633
80,153,2753.085121
20,122,2753.345219
42,130,2753.627132
9,36,2753.701896
55,126,2753.981218
1,121,2754.24469
4,116,2754.495618
172,254,2755.068303
39,131,2755.365839
159,228,2756.389693
83,157,2756.739573
64,144,2757.052033
51,125,2757.324486
81,148,2757.64898
48,131,2757.937744
77,153,2758.292224
0,122,2758.556189
2,110,2758.788606
9,118,2759.039582
110,186,2759.439665
2,116,2759.689239
102,173,2760.070732
116,188,2760.972563
254,326,2761.754159
122,196,2762.188301
10,38,2762.264516
76,147,2762.580863
34,115,2762.830241
130,198,2763.263224
104,177,2763.649427
27,145,2763.953963
107,175,2764.339825
96,167,2764.701287
86,163,2765.063205
81,157,2765.491852
117,188,2766.537806
45,134,2766.827985
2,114,2767.075307
86,155,2767.417468
19,140,2767.732641
117,203,2768.211841
91,165,2768.595279
3,134,2768.891981
2,101,2769.111817
129,204,2769.566855
3,29,2769.620286
0,122,2769.885151
259,331,2770.626394
94,162,2771.442823
228,297,2772.130441
42,122,2772.396829
120,195,2772.826224
107,179,2773.232123
82,152,2773.577343
70,146,2773.895017
78,152,2774.229327
90,161,2774.576865
58,140,2774.884637
88,162,2775.238804
241,302,2776.377224
91,161,2776.782832
203,275,2777.398913
89,161,2777.765342
106,174,2778.153517
127,194,2778.586984
94,161,2778.935236
5,116,2779.181621
80,151,2779.512619
0,49,2779.615237
50,121,2779.877599
121,188,2780.296187
93,161,2780.661725
62,144,2781.478354
85,166,2781.860974
77,151,2782.191567
40,125,2782.466897
57,136,2782.766296
132,198,2783.19969
174,244,2783.753578
84,155,2784.084668
86,158,2784.430605
54,137,2784.744994
234,294,2785.444457
0,120,2785.713092
109,170,2786.590503
39,141,2786.918129
100,175,2787.303208
61,125,2787.566645
43,129,2787.842072
1,126,2788.112218
4,123,2788.380465
52,129,2788.669761
49,125,2788.952035
68,139,2789.271195
15,112,2789.52753
65,145,2789.854416
96,163,2790.222048
99,168,2790.585162
54,124,2790.866798
106,167,2791.723293
95,165,2792.106043
83,145,2792.439871
0,108,2792.68475
51,115,2792.932645
0,118,2793.186339
56,130,2793.465365
54,129,2793.742116
71,139,2794.045822
79,147,2794.366308
89,161,2794.723509
40,124,2795.000616
61,126,2795.265893
77,142,2795.575835
106,183,2796.414972
10,45,2796.529969
5,46,2796.636584
76,153,2796.992366
29,109,2797.231176
89,165,2797.599551
82,151,2797.931213
78,152,2798.270403
7,36,2798.344221
86,150,2798.698976
84,153,2799.0433
67,140,2799.356336
45,131,2799.643522
62,138,2799.943203
2,116,2800.190704
83,152,2800.521893
88,149,2800.844094
2,116,2801.557977
3,122,2801.842808
115,179,2802.233598
86,162,2802.588082
0,106,2802.822768
0,97,2803.039946
109,180,2803.460852
0,116,2803.72468
41,128,2804.007394
73,150,2804.336666
65,131,2804.618199
9,109,2804.843305
0,118,2805.098798
72,135,2805.393104
0,103,2805.612224
1,106,2805.838155
50,120,2806.570039
98,172,2806.988369
92,161,2807.447677
48,131,2807.848878
91,169,2808.268302
102,167,2808.639119
2,134,2808.924298
72,138,2809.231488
77,144,2809.561215
156,226,2810.093909
1,110,2810.337743
32,104,2810.572997
153,222,2811.07207
197,273,2812.173943
91,156,2812.531684
128,201,2812.971192
86,163,2813.332525
131,205,2813.783072
84,161,2814.13368
53,130,2814.415713
63,135,2814.719402
1,114,2814.971007
4,40,2815.060185
1,32,2815.121548
71,142,2815.44547
3,36,2815.518227
74,141,2815.832116
72,137,2816.130493
49,130,2816.868983
5,26,2816.925642
44,139,2817.257515
10,116,2817.512875
9,36,2817.586102
111,184,2817.99298
90,151,2818.319158
0,95,2818.518182
31,119,2818.779448
6,26,2818.828678
7,32,2818.897433
64,125,2819.16534
95,164,2819.5172
1,115,2819.761698
2,32,2819.826797
60,125,2820.095772
74,148,2820.412874
55,127,2820.694996
59,142,2821.001753
93,151,2821.794911
69,138,2822.120626
36,116,2822.378222
78,138,2822.683807
59,129,2822.963881
57,124,2823.233893
105,187,2823.649419
2,103,2823.874938
2,37,2823.950878
95,157,2824.29655
65,130,2824.577177
10,33,2824.645675
103,168,2825.018244
84,145,2825.3408
92,159,2825.703586
4,26,2825.754841
0,125,2826.034914
99,158,2826.83228
48,145,2827.182997
2,24,2827.235116
193,253,2827.796122
132,194,2828.221164
5,33,2828.28113
43,127,2828.558693
13,33,2828.625199
257,329,2829.369233
5,36,2829.447493
67,126,2829.730913
72,140,2830.045588
8,32,2830.112732
146,208,2830.575284
127,200,2831.032363
61,131,2831.765823
48,115,2832.038636
89,185,2832.461562
4,27,2832.520183
75,143,2832.837233
96,180,2833.22942
44,122,2833.49016
53,144,2833.800634
47,129,2834.081559
10,32,2834.148952
10,31,2834.211663
37,148,2834.540056
134,192,2834.97591
198,268,2835.562665
138,200,2835.995959
34,113,2836.688042
5,39,2836.785673
129,193,2837.253487
97,167,2837.633881
7,32,2837.700576
87,149,2838.038319
101,184,2838.442267
131,193,2838.876456
8,34,2838.946001
9,40,2839.029021
1,112,2839.265902
50,116,2839.514292
36,122,2839.778521
133,196,2840.218654
62,131,2840.496264
173,233,2841.025709
7,34,2841.097236
40,114,2841.799914
66,140,2842.142009
3,125,2842.412387
95,175,2842.800359
122,199,2843.238222
2,24,2843.289895
49,134,2843.579325
4,24,2843.626416
115,171,2843.994408
83,138,2844.294993
1,23,2844.340722
101,165,2844.719663
93,166,2845.099265
46,110,2845.343556
82,158,2845.701471
5,33,2845.770653
1,38,2845.847304
17,59,2845.97563
0,118,2846.684198
10,112,2846.957089
6,35,2847.033977
6,38,2847.123367
95,160,2847.486765
128,179,2847.890305
68,149,2848.212704
0,103,2848.430133
77,138,2848.728379
78,155,2849.063134
11,58,2849.183613
62,146,2849.500168
9,111,2849.73957
67,125,2850.011882
194,253,2850.580906
105,177,2850.966336
167,241,2851.984623
5,38,2852.071219
69,169,2852.475888
126,192,2852.918807
70,138,2853.224283
0,116,2853.480264
125,189,2853.89631
82,150,2854.231723
30,117,2854.488436
116,206,2854.945171
107,180,2855.342034
102,175,2855.725312
285,367,2857.066386
0,112,2857.319275
1,122,2857.589017
115,179,2857.976474
10,128,2858.250107
4,119,2858.506054
94,160,2858.854928
84,164,2859.223429
6,62,2859.34147
50,123,2859.606534
106,197,2860.039017
138,213,2860.512228
0,127,2860.784801
2,44,2860.870269
59,125,2861.13491
13,151,2861.950665
0,134,2862.258625
53,124,2862.540609
57,124,2862.809708
58,128,2863.085547
53,113,2863.328829
87,172,2863.6962
66,129,2863.97277
93,155,2864.303498
50,117,2864.552143
107,166,2864.92142
85,154,2865.262128
5,48,2865.3582
199,273,2865.958264
51,143,2866.746463
71,134,2867.078366
48,111,2867.347341
1,26,2867.400859
47,109,2867.635444
79,148,2867.971675
104,167,2868.340341
126,187,2868.747989
5,34,2868.814912
74,132,2869.101256
0,109,2869.332281
182,247,2869.878132
130,197,2870.314044
50,152,2870.638583
91,167,2871.054497
1,38,2871.172095
115,177,2872.190415
197,266,2872.799783
71,206,2873.259153
106,192,2873.685396
0,108,2873.922532
2,145,2874.25341
83,145,2874.579456
113,175,2874.966969
140,220,2875.447988
131,198,2875.889491
58,126,2876.157793
29,117,2876.404514
37,105,2877.128619
11,54,2877.243728
46,111,2877.493535
152,218,2877.986578
2,32,2878.049565
71,131,2878.333042
15,51,2878.433918
16,93,2878.634406
61,128,2878.918317
75,137,2879.216047
108,170,2879.58931
213,276,2880.2005
125,189,2880.616443
122,212,2881.086944
147,206,2882.029382
48,105,2882.274492
88,151,2882.618509
7,37,2882.693611
59,137,2882.998646
74,167,2883.36761
159,221,2883.856357
55,118,2884.105213
159,223,2884.591864
67,161,2884.942824
76,164,2885.303394
53,116,2885.559571
65,130,2885.840625
11,134,2886.14115
56,118,2886.407811
86,146,2887.225272
41,119,2887.495568
1,111,2887.737815
63,129,2888.026033
51,117,2888.290405
48,109,2888.529631
0,94,2888.737929
64,133,2889.01982
60,122,2889.281117
69,131,2889.564242
91,156,2889.923484
0,41,2890.010605
67,127,2890.302235
56,151,2890.63646
77,135,2890.930028
0,125,2891.200044
9,48,2891.297158
48,121,2892.047269
65,133,2892.364217
4,129,2892.648794
100,166,2893.027346
0,103,2893.246483
67,129,2893.536399
60,126,2893.80882
78,143,2894.117918
112,199,2894.555455
88,150,2894.881316
8,99,2895.093961
126,185,2895.495143
63,131,2895.797975
71,137,2896.090053
88,152,2896.427994
111,193,2897.388049
78,139,2897.709531
120,185,2898.114281
73,155,2898.46746
141,200,2898.916561
67,178,2899.304662
46,114,2899.547722
86,146,2899.863767
35,98,2900.083644
76,136,2900.392384
48,113,2900.647946
1,165,2901.019929
4,25,2901.070956
63,126,2901.34705
123,186,2902.225801
32,112,2902.480552
64,125,2902.758992
1,114,2903.00457
50,119,2903.257988
88,151,2903.591971
20,122,2903.854203
53,120,2904.117451
85,143,2904.431301
85,150,2904.756775
72,131,2905.052196
74,149,2905.372581
61,143,2905.687751
100,181,2906.088774
63,126,2906.357321
137,198,2907.310457
49,120,2907.591059
112,172,2908.002318
84,143,2908.321856
26,119,2908.586128
121,179,2908.978801
45,112,2909.218901
0,122,2909.478445
70,128,2909.753007
84,163,2910.112305
0,90,2910.302443
87,177,2910.700399
68,128,2910.976805
71,138,2911.273855
151,215,2912.226213
86,151,2912.57033
1,119,2912.840001
135,213,2913.323228
59,127,2913.605796
83,152,2913.944077
35,98,2914.154976
102,167,2914.530498
38,116,2914.775313
121,181,2915.17381
56,120,2915.434705
26,109,2915.677187
56,122,2915.960574
124,185,2916.558829
157,220,2917.573526
0,124,2917.857932
129,193,2918.289231
111,170,2918.667561
60,134,2918.967156
81,144,2919.286535
82,167,2919.663751
87,157,2920.017392
36,129,2920.310336
66,127,2920.596206
48,126,2920.875879
50,115,2921.132338
44,131,2921.422364
100,166,2921.793488
184,251,2922.832224
2,92,2923.034697
155,214,2923.525385
85,150,2923.871515
173,236,2924.400362
69,131,2924.688739
164,229,2925.184026
98,158,2925.53063
231,296,2926.186566
20,135,2926.470617
102,166,2926.831478
92,162,2927.658617
117,190,2928.11494
72,130,2928.408352
0,122,2928.681269
0,99,2928.900994
64,136,2929.197408
129,196,2929.6273
9,52,2929.729385
62,144,2930.038733
124,191,2930.454155
78,138,2930.757796
95,161,2931.107238
112,171,2931.484383
3,102,2931.701444
71,139,2932.469824
3,30,2932.536085
145,213,2933.037366
105,183,2933.445238
84,160,2933.798183
65,138,2934.10271
85,143,2934.41188
10,44,2934.504708
78,142,2934.828282
120,180,2935.249076
62,130,2935.546147
64,135,2935.859178
38,127,2936.15448
60,125,2936.440294
63,138,2936.736745
59,112,2937.403899
74,141,2937.761035
124,173,2938.154984
141,199,2938.589635
97,159,2938.935849
72,128,2939.20901
126,189,2939.622153
111,177,2940.004262
3,113,2940.254081
84,145,2940.589647
61,131,2940.891845
68,134,2941.201354
3,35,2941.271466
112,173,2941.658233
90,153,2942.423393
50,130,2942.747235
69,142,2943.075985
74,133,2943.366832
1,99,2943.586246
65,128,2943.878576
123,190,2944.310475
83,147,2944.622437
141,201,2945.074743
56,138,2945.380286
8,53,2945.491613
160,217,2945.982197
86,149,2946.303682
65,130,2946.583766
76,133,2946.88418
62,127,2947.661449
49,137,2947.984055
120,187,2948.406833
94,150,2948.740695
103,173,2949.117782
63,136,2949.41207
4,94,2949.61575
84,145,2949.93312
10,52,2950.038005
59,125,2950.306513
64,149,2950.633514
0,33,2950.701123
3,101,2950.913296
56,126,2951.184664
72,134,2951.478384
47,126,2951.759063
99,162,2952.592355
158,229,2953.1293
120,185,2953.535641
2,26,2953.585364
109,180,2953.988151
98,160,2954.325471
116,176,2954.713454
252,314,2955.411839
139,200,2955.856063
6,38,2955.93153
48,120,2956.1841
85,156,2956.534822
2,26,2956.586633
103,171,2956.985024
114,164,2957.827496
6,121,2958.110093
247,315,2958.817831
100,169,2959.205981
3,123,2959.571771
0,106,2959.896579
130,188,2960.34904
142,196,2960.786722
4,34,2960.856369
58,120,2961.124363
46,106,2961.35841
9,36,2961.429754
0,121,2961.696279
0,109,2961.930205
44,110,2962.179664
77,143,2963.007176
85,143,2963.337324
0,106,2963.576353
41,109,2963.823258
162,219,2964.337299
102,170,2964.725848
0,26,2964.778082
114,176,2965.160942
55,115,2965.409355
45,123,2965.680687
137,204,2966.162187
0,109,2966.417469
102,165,2966.793546
0,121,2967.058634
87,151,2967.396158
76,135,2968.204931
7,35,2968.283868
3,26,2968.342796
0,35,2968.417817
62,130,2968.727875
64,137,2969.046814
32,137,2969.367103
51,137,2969.661089
55,123,2969.932826
1,24,2969.979664
68,147,2970.303837
142,206,2970.765599
67,131,2971.062566
14,109,2971.302521
73,144,2971.62329
143,207,2972.083208
19,41,2972.169845
137,203,2973.0814
85,147,2973.424198
75,142,2973.746297
4,23,2973.79304
35,117,2974.052642
47,125,2974.330225
41,110,2974.567857
98,152,2974.906072
113,179,2975.291348
34,119,2975.550359
78,142,2975.866198
58,129,2976.139199
118,180,2976.540008
12,43,2976.625443
10,118,2976.883001
117,176,2977.268868
74,131,2978.019122
90,156,2978.419519
61,126,2978.716893
0,123,2979.008186
53,124,2979.282917
59,128,2979.557822
87,152,2979.895174
87,147,2980.223788
83,149,2980.555404
4,30,2980.619059
70,131,2980.907296
60,134,2981.205168
2,113,2981.458471
116,171,2981.85728
120,189,2982.274026
0,114,2982.522454
5,29,2983.018768
2,21,2983.080447
151,210,2983.587928
3,23,2983.635752
16,41,2983.720427
151,210,2984.195188
117,181,2984.591022
2,112,2984.82687
97,156,2985.172221
147,212,2985.640437
70,130,2985.926773
65,125,2986.199036
0,110,2986.450343
98,156,2986.807818
89,151,2987.150892
47,127,2987.429198
106,163,2988.252523
0,101,2988.489048
58,143,2988.81665
3,21,2988.859769
110,175,2989.268899
66,131,2989.573563
50,118,2989.829035
89,149,2990.166715
3,24,2990.215086
3,22,2990.260252
151,216,2990.737351
21,118,2990.992388
146,214,2991.467673
97,162,2991.8272
7,31,2991.893107
70,129,2992.17327
64,125,2992.450908
80,151,2993.2392
51,125,2993.541031
98,163,2993.916207
66,128,2994.205083
7,32,2994.27001
5,23,2994.316213
52,116,2994.571923
9,106,2994.804805
2,27,2994.858453
0,139,2995.153583
121,181,2995.550301
4,36,2995.626718
172,231,2996.136156
47,111,2996.372808
80,140,2996.68824
41,138,2996.996888
75,146,2997.333917
63,128,2997.680644
74,140,2998.623667
68,144,2998.9549
24,53,2999.068026
0,112,2999.311865
108,169,2999.687778
70,127,2999.969346
21,135,3000.259681
98,133,3000.55412
114,181,3000.957557
90,150,3001.289469
93,150,3001.62477
94,152,3001.952379
3,23,3002.001171
65,134,3002.281447
21,117,3002.540097
79,145,3003.322811
123,184,3003.7936
125,186,3004.233297
121,185,3004.650192
109,176,3005.02953
100,163,3005.385406
41,128,3005.661393
192,262,3006.247334
111,174,3006.635265
11,33,3006.700185
23,119,3006.957681
131,197,3007.383415
72,130,3007.665595
102,167,3008.529572
108,176,3008.954218
5,25,3009.005256
32,114,3009.25533
2,25,3009.304611
89,160,3009.658226
61,127,3009.9433
54,124,3010.225553
122,187,3010.6505
60,135,3010.939075
30,107,3011.169635
110,174,3011.558368
73,136,3011.869282
17,45,3011.9679
68,142,3012.296531
77,141,3012.613494
16,108,3012.852595
133,188,3013.761836
61,139,3014.068265
5,31,3014.133727
60,120,3014.433324
178,246,3014.952938
92,153,3015.287619
80,145,3015.606275
66,143,3015.919329
16,54,3016.031662
83,147,3016.36243
70,128,3016.648865
81,138,3016.952764
10,32,3017.018988
5,32,3017.088294
2,106,3017.315775
5,100,3017.532137
106,173,3017.916379
62,134,3018.69312
77,141,3019.016862
99,160,3019.368934
75,151,3019.706496
27,113,3019.946791
54,121,3020.219483
64,119,3020.486992
97,164,3020.849224
63,123,3021.132915
74,142,3021.454819
40,111,3021.708114
4,22,3021.753295
64,139,3022.063475
178,240,3022.600093
219,287,3023.708151
107,166,3024.115402
21,128,3024.40589
0,122,3024.686768
32,98,3024.896768
0,107,3025.140822
80,142,3025.455245
112,167,3025.825967
3,32,3025.886242
5,24,3025.934233
3,108,3026.173816
73,127,3026.457235
168,226,3026.964102
93,162,3027.338791
69,146,3027.676501
108,171,3028.07349
65,131,3028.839263
58,115,3029.105034
8,32,3029.172465
0,112,3029.41675
8,32,3029.483028
64,127,3029.756655
45,114,3030.009241
117,183,3030.414813
2,22,3030.458497
34,114,3030.703032
98,146,3031.017273
8,31,3031.081498
2,24,3031.128456
86,143,3031.445993
125,191,3031.86603
56,133,3032.155783
53,108,3032.388208
2,31,3032.452282
108,167,3032.815869
88,145,3033.580567
90,157,3033.96531
145,198,3034.421747
7,32,3034.493869
92,157,3034.84043
82,149,3035.15998
70,127,3035.442879
4,31,3035.509867
90,145,3035.831238
43,119,3036.097625
43,117,3036.36738
87,149,3036.709188
79,137,3037.030813
5,22,3037.075415
5,22,3037.122092
9,42,3037.214045
76,137,3037.506779
134,192,3037.932195
100,163,3038.763148
69,129,3039.065764
139,206,3039.52527
76,138,3039.836524
52,126,3040.11871
4,106,3040.348073
21,116,3040.609934
82,146,3040.931514
3,26,3040.981597
11,120,3041.245021
42,106,3041.470845
60,123,3041.735028
2,111,3041.975153
0,106,3042.208666
84,148,3042.543073
13,127,3042.816751
33,106,3043.0476
27,105,3043.744542
43,119,3044.032293
73,140,3044.346907
75,130,3044.635871
89,166,3045.008151
6,26,3045.063359
66,128,3045.361778
107,175,3045.769486
0,91,3046.047376
91,157,3046.510905
104,166,3046.897278
88,159,3047.244995
188,249,3047.797472
198,253,3048.353282
112,173,3049.220245
82,144,3049.558092
95,151,3049.898681
86,151,3050.243059
80,149,3050.569897
50,114,3050.831461
42,114,3051.088444
67,143,3051.421236
73,137,3051.727999
91,151,3052.053764
93,154,3052.39095
0,104,3052.618235
97,160,3052.987549
63,129,3053.27434
59,120,3053.982657
81,148,3054.348477
29,107,3054.599913
65,132,3054.906066
7,37,3054.984117
68,143,3055.31691
3,35,3055.391361
129,196,3055.829042
4,130,3056.113483
62,125,3056.380144
104,181,3056.787425
59,124,3057.051425
123,180,3057.457213
3,118,3057.717523
58,122,3057.99211
53,136,3058.287337
2,114,3058.534794
84,144,3059.362495
2,111,3059.627084
34,109,3059.892404
105,164,3060.269245
2,46,3060.36754
68,142,3060.677967
120,183,3061.087408
145,216,3061.559356
214,280,3062.187494
101,172,3062.564067
7,33,3062.631585
0,87,3062.81787
37,123,3063.079988
82,142,3063.392592
2,129,3064.121485
29,138,3064.453446
53,143,3064.78631
34,112,3065.026962
69,131,3065.316535
94,164,3065.673398
104,180,3066.08727
58,139,3066.399804
0,110,3066.631556
29,99,3066.847497
111,184,3067.247187
86,162,3067.613541
68,132,3067.916458
132,190,3068.365734
113,187,3069.231816
51,132,3069.546822
52,118,3069.813063
110,172,3070.199921
48,126,3070.480494
158,227,3071.009121
51,111,3071.247428
110,165,3071.613187
82,157,3071.9571
41,111,3072.213022
206,276,3072.854255
164,227,3073.354753
98,160,3073.700481
112,190,3074.613351
53,125,3074.887031
85,151,3075.224082
71,148,3075.546236
63,134,3075.840412
113,180,3076.235622
79,134,3076.53517
20,106,3076.762216
6,101,3076.982447
68,129,3077.27847
71,132,3077.590638
48,132,3077.88732
52,131,3078.171887
52,132,3078.463619
0,103,3078.682348
96,172,3079.534117
102,160,3079.920939
88,143,3080.24475
130,184,3080.665317
86,177,3081.059229
5,22,3081.105184
127,201,3081.55311
3,138,3081.848352
101,168,3082.223702
71,155,3082.566148
79,137,3082.858138
0,82,3083.039432
85,151,3083.368734
20,127,3083.649757
0,102,3084.330799
80,165,3084.747282
87,153,3085.097768
7,34,3085.169343
12,43,3085.264455
51,111,3085.513623
134,189,3085.932226
94,160,3086.284367
0,87,3086.475121
42,127,3086.749763
128,188,3087.160157
76,134,3087.451704
115,189,3087.876227
77,133,3088.158797
55,171,3088.546531
75,155,3089.44275
99,161,3089.933722
67,138,3090.264226
103,173,3090.646421
95,146,3090.975284
101,153,3091.315533
77,151,3091.667024
84,145,3091.991179
5,60,3092.11566
0,111,3092.359156
84,149,3092.688537
2,106,3092.926993
47,107,3093.165004
54,111,3093.418103
78,166,3093.809242
45,120,3094.077832
68,126,3094.83042
110,167,3095.221903
146,200,3095.660784
69,128,3095.947629
38,103,3096.172004
71,120,3096.445064
48,137,3096.737382
0,78,3096.898732
46,114,3097.149872
75,136,3097.446977
2,93,3097.658391
111,170,3098.054897
104,168,3098.453845
46,100,3098.683347
105,151,3099.045251
50,102,3099.725883
54,108,3100.003365
77,151,3100.355025
68,147,3100.687177
69,123,3100.960884
35,128,3101.248417
79,139,3101.551375
40,116,3101.801264
147,217,3102.292259
130,199,3102.760927
3,115,3103.025359
90,160,3103.394341
51,124,3103.678557
61,132,3103.974112
54,112,3104.2202
65,146,3104.997527
33,100,3105.232418
61,125,3105.52971
21,90,3105.719048
23,93,3105.922977
86,137,3106.225136
179,248,3106.778425
108,153,3107.125623
0,117,3107.379825
32,97,3107.590799
125,183,3107.996539
66,140,3108.302123
146,207,3108.755793
39,108,3108.991915
32,101,3109.209313
146,203,3110.166005
198,248,3110.759598
1,129,3111.044942
97,155,3111.387882
116,184,3111.805994
78,148,3112.129967
0,121,3112.397058
42,113,3112.646563
63,134,3112.938333
87,139,3113.246149
11,98,3113.462279
0,125,3113.746108
110,179,3114.135383
75,140,3114.888521
0,53,3115.014486
51,125,3115.319047
120,178,3115.722392
120,189,3116.147464
81,141,3116.462188
157,215,3116.933138
80,127,3117.209861
92,158,3117.558919
65,131,3117.844197
72,144,3118.168332
83,139,3118.492312
73,128,3118.789213
15,108,3119.035608
79,132,3119.336418
69,136,3120.1059
84,148,3120.453206
63,129,3120.74705
7,45,3120.832452
79,131,3121.121673
64,121,3121.384834
51,115,3121.633029
56,125,3121.905621
75,138,3122.214805
71,127,3122.490513
6,118,3122.751266
35,127,3123.033194
137,201,3123.474006
67,123,3123.749898
160,227,3124.266644
176,243,3125.281448
56,118,3125.546022
46,112,3125.795403
99,175,3126.208745
93,163,3126.586813
3,107,3126.826152
53,125,3127.100693
103,167,3127.469884
84,145,3127.791759
65,130,3128.083658
96,161,3128.441372
23,142,3128.763566
67,135,3129.060982
4,95,3129.26817
105,157,3130.07179
67,129,3130.390414
49,114,3130.640837
79,141,3130.948042
1,96,3131.156532
1,130,3131.446189
136,203,3131.919509
85,157,3132.265326
11,116,3132.514609
83,152,3132.85176
115,165,3133.213354
83,144,3133.555288
42,116,3133.792251
23,118,3134.042007
35,140,3134.349356
59,121,3135.050255
182,239,3135.630823
69,122,3135.907811
67,129,3136.19715
52,119,3136.466598
93,150,3136.829614
94,150,3137.328356
0,102,3137.584786
27,107,3137.831471
65,137,3138.137091
84,156,3138.490765
74,141,3138.807325
68,119,3139.06837
115,181,3139.467276
194,249,3140.500612
125,190,3140.970972
105,153,3141.318298
3,110,3141.561743
49,108,3141.809864
96,160,3142.171507
103,163,3142.53335
57,121,3142.800056
107,154,3143.140877
2,100,3143.360031
68,146,3143.678067
7,128,3143.95848
3,107,3144.197182
71,150,3144.535365
47,124,3144.804612
82,147,3145.602964
55,132,3145.924708
4,101,3146.1681
121,171,3146.569178
44,107,3146.805179
79,147,3147.141276
111,161,3147.495205
15,92,3147.696995
37,105,3147.92178
53,124,3148.19842
45,124,3148.469008
0,122,3148.736241
17,108,3148.97422
0,102,3149.194532
79,134,3149.485219
81,134,3149.790789
45,121,3150.524119
49,109,3150.8038
95,151,3151.149514
33,128,3151.435768
147,212,3151.908965
125,195,3152.349299
231,288,3153.033248
55,127,3153.319324
0,110,3153.571556
84,138,3153.870341
102,165,3154.242317
48,123,3154.52502
2,100,3154.743621
159,230,3155.705109
78,133,3156.025496
3,112,3156.276684
58,127,3156.57174
101,171,3156.954303
100,165,3157.316699
64,131,3157.606226
64,109,3157.848831
54,113,3158.090669
77,144,3158.406746
144,202,3158.853661
106,167,3159.233824
59,121,3159.494169
70,145,3159.810468
52,121,3160.079419
52,115,3160.84237
0,119,3161.138505
228,280,3161.790011
66,127,3162.069347
153,219,3162.567611
72,141,3162.875744
143,205,3163.320948
102,168,3163.689695
123,176,3164.079975
91,156,3164.421514
110,162,3164.779834
137,202,3165.249933
95,149,3166.094018
82,153,3166.445744
91,148,3166.775276
41,126,3167.052485
3,122,3167.321027
69,137,3167.62533
61,126,3167.91252
108,165,3168.298976
0,117,3168.567071
94,157,3168.933899
101,155,3169.282476
69,120,3169.545926
233,299,3170.211993
144,196,3171.12807
131,194,3171.580518
50,120,3171.848324
68,129,3172.152557
58,114,3172.410975
77,136,3172.725058
147,211,3173.2094
107,159,3173.561081
98,157,3173.908095
58,132,3174.199657
102,153,3174.545968
87,140,3174.850768
80,147,3175.185298
47,125,3175.45917
5,119,3176.194558
71,134,3176.498728
142,198,3176.958044
100,158,3177.330389
60,123,3177.616823
90,156,3177.957935
45,116,3178.211772
116,179,3178.617302
119,164,3178.972369
135,200,3179.428278
17,113,3179.672157
0,107,3179.911191
116,180,3180.3078
2,139,3181.049741
146,195,3181.539738
29,96,3181.758202
113,173,3182.139235
73,136,3182.438216
64,126,3182.719501
77,130,3183.007597
40,130,3183.29192
58,108,3183.52336
126,188,3183.957493
48,111,3184.297775
86,140,3184.724429
4,128,3185.024451
85,131,3185.315544
89,153,3185.645395
1,83,3185.826363
72,147,3186.650999
132,199,3187.123083
76,153,3187.479324
217,264,3188.101699
3,113,3188.348865
73,135,3188.64535
57,129,3188.922779
55,116,3189.174971
68,134,3189.475824
52,114,3189.721169
138,207,3190.178315
107,179,3190.571182
23,103,3190.789588
70,136,3191.557997
1,103,3191.808584
10,125,3192.093039
15,116,3192.372525
32,122,3192.662949
67,147,3193.004758
144,191,3193.433453
38,127,3193.723646
26,92,3193.91536
0,105,3194.140982
68,145,3194.462605
73,133,3194.755466
101,164,3195.118874
82,135,3195.425768
25,97,3195.645429
0,127,3195.941954
72,167,3196.790716
64,116,3197.046862
0,104,3197.283154
1,79,3197.449483
53,127,3197.729886
66,147,3198.05541
73,161,3198.404094
124,180,3198.801475
7,41,3198.881768
26,143,3199.193762
83,115,3199.449279
249,306,3200.148871
98,163,3200.522615
0,35,3200.591097
116,170,3200.981371
62,138,3201.744738
61,129,3202.048477
92,154,3202.416441
6,126,3202.720164
122,183,3203.140971
80,137,3203.458075
129,195,3203.901661
268,336,3204.643042
189,237,3205.175146
62,114,3205.419203
131,193,3205.844635
199,266,3206.915781
4,81,3207.100529
38,132,3207.404858
100,156,3207.777106
85,132,3208.076047
116,198,3208.522996
2,155,3208.867904
100,162,3209.231499
112,179,3209.63239
88,181,3210.025432
113,169,3210.404087
9,88,3210.600774
130,209,3211.064971
64,144,3211.852271
1,105,3212.096527
234,268,3212.715432
43,110,3212.957915
59,109,3213.199063
111,168,3213.57353
94,165,3213.954946
140,182,3214.376495
93,145,3214.70607
236,308,3215.401446
30,124,3215.671991
49,120,3215.936828
158,215,3216.870605
26,128,3217.177841
98,184,3217.595783
0,127,3217.869649
83,127,3218.15107
109,151,3218.487175
68,145,3218.827397
68,127,3219.128861
19,94,3219.336704
103,151,3219.68779
220,275,3220.301675
130,177,3220.699815
173,221,3221.34672
90,138,3222.183656
80,142,3222.541115
76,128,3222.828759
87,128,3223.113485
80,128,3223.400376
52,103,3223.625996
85,135,3223.922924
50,144,3224.241391
134,180,3224.635873
38,140,3224.94838
106,156,3225.291139
89,161,3225.64659
74,135,3225.939155
26,132,3226.23015
91,141,3226.546169
125,179,3227.408838
117,185,3227.8403
74,137,3228.140773
66,116,3228.398098
22,105,3228.632944
144,193,3229.087126
245,314,3229.819848
33,107,3230.051078
127,177,3230.445297
13,91,3230.637205
93,141,3230.951447
49,135,3231.24525
106,156,3231.587122
132,174,3232.456697
58,114,3232.725754
0,129,3233.012995
48,121,3233.28038
135,204,3233.764944
12,108,3234.0168
101,162,3234.405261
82,146,3234.72392
3,117,3234.977659
93,157,3235.32837
57,131,3235.619385
72,128,3235.911817
43,107,3236.14645
46,109,3236.376297
109,159,3236.739376
74,137,3237.544631
25,102,3237.79884
49,142,3238.12774
169,221,3238.644184
51,106,3238.875754
107,176,3239.261895
36,121,3239.526156
106,149,3239.873971
55,124,3240.147701
124,192,3240.58027
3,118,3240.844824
87,144,3241.157114
43,128,3241.439623
142,207,3241.918369
21,128,3242.669601
73,128,3242.963074
91,139,3243.291978
31,117,3243.564613
35,116,3243.835921
115,192,3244.28984
49,110,3244.533398
87,133,3244.834013
64,112,3245.080589
110,165,3245.436703
70,153,3245.783972
133,174,3246.171363
0,118,3246.426663
15,97,3246.637697
83,137,3246.939496
0,88,3247.607595
73,124,3247.927662
125,173,3248.333389
118,172,3248.72211
79,154,3249.073454
62,117,3249.31889
68,121,3249.582448
0,109,3249.824398
175,266,3250.444926
58,114,3250.700636
0,126,3250.987061
47,114,3251.235209
82,167,3251.598779
0,97,3251.812389
18,149,3252.141666
180,227,3253.137526
49,107,3253.369602
90,167,3253.737785
38,107,3253.973483
80,160,3254.328922
225,271,3254.935306
155,210,3255.39902
41,97,3255.612815
159,213,3256.093663
37,144,3256.406726
4,144,3256.723473
1,131,3257.007305
22,125,3257.735871
213,264,3258.393225
78,131,3258.699498
43,119,3258.960329
89,139,3259.269918
72,123,3259.539093
70,129,3259.828212
53,107,3260.072451
4,95,3260.295011
83,171,3260.70594
47,99,3260.925926
49,125,3261.207778
4,86,3261.391867
63,117,3261.655971
79,162,3262.013761
47,112,3262.26184
80,134,3263.069501
94,166,3263.462739
24,119,3263.736903
40,131,3264.049646
2,106,3264.293142
52,130,3264.583923
64,138,3264.888557
152,216,3265.36813
31,130,3265.656223
227,298,3266.328636
99,156,3266.677671
183,238,3267.212074
44,101,3267.431125
97,148,3268.234894
78,128,3268.53325
87,142,3268.864026
80,146,3269.282166
43,104,3269.607904
77,138,3269.939377
8,111,3270.193352
63,118,3270.459365
64,116,3270.723749
68,116,3270.986379
84,134,3271.304282
107,159,3271.685303
38,123,3271.965852
305,354,3272.80887
148,198,3273.745741
79,134,3274.054501
66,126,3274.332272
40,106,3274.571331
2,108,3274.814617
64,121,3275.085115
29,98,3275.297889
32,98,3275.508675
59,135,3275.808008
153,212,3276.285718
56,151,3276.628316
126,185,3277.065936
39,109,3277.310969
49,106,3277.546421
34,155,3277.884589
125,182,3278.773436
0,137,3279.085926
21,103,3279.309793
185,241,3279.849681
41,131,3280.129559
0,142,3280.449144
52,117,3280.705884
105,196,3281.143958
31,103,3281.366759
141,195,3281.805723
98,156,3282.148019
55,144,3282.460913
60,142,3282.770566
57,126,3283.503419
58,129,3283.824643
0,110,3284.089068
0,107,3284.336565
79,143,3284.663365
87,172,3285.048904
137,194,3285.48465
73,137,3285.790398
125,195,3286.223857
39,111,3286.468337
72,127,3286.75006
125,202,3287.197352
144,202,3287.651719
52,124,3287.922116
91,159,3288.777722
37,126,3289.071799
9,114,3289.344197
75,126,3289.615643
56,131,3289.898554
110,184,3290.30442
159,209,3290.7671
1,115,3291.013689
89,164,3291.375875
8,113,3291.624146
102,180,3292.019857
7,111,3292.256677
129,196,3292.68927
103,178,3293.08434
34,125,3293.824121
104,167,3294.209569
78,144,3294.521395
53,142,3294.83452
66,128,3295.121342
107,170,3295.50851
9,109,3295.743442
65,123,3296.018728
37,124,3296.302056
18,131,3296.604321
22,110,3296.859154
94,156,3297.209137
114,185,3297.616926
32,112,3297.866129
200,260,3298.920023
3,93,3299.13433
0,102,3299.35556
147,212,3299.826121
71,137,3300.118287
0,112,3300.360986
65,140,3300.663668
96,164,3301.01935
100,159,3301.362549
99,159,3301.716139
73,137,3302.01698
74,128,3302.293854
29,100,3302.502541
0,101,3302.719233
63,132,3303.00809
98,158,3303.835715
43,120,3304.123738
85,150,3304.477852
63,137,3304.801417
97,163,3305.175495
89,150,3305.5212
92,149,3305.859116
59,117,3306.118221
58,130,3306.402636
1,104,3306.625538
60,141,3306.934785
76,138,3307.234699
84,144,3307.55426
130,177,3307.954998
87,157,3308.745799
167,224,3309.274044
129,182,3309.700391
101,161,3310.085065
141,208,3310.733345
1,92,3310.967284
131,198,3311.430846
71,138,3311.743908
114,181,3312.146758
209,270,3312.777633
1,137,3313.091639
29,124,3313.370745
110,175,3314.231766
74,144,3314.570344
54,115,3314.823945
101,167,3315.189134
97,156,3315.538959
61,122,3315.817487
25,112,3316.075422
38,112,3316.328885
45,120,3316.585387
146,210,3317.04986
50,129,3317.330372
2,120,3317.590117
83,140,3317.897104
33,109,3318.13329
90,147,3318.455998
32,101,3319.128914
49,111,3319.396373
52,116,3319.655882
30,106,3319.886458
82,143,3320.196053
83,151,3320.537966
116,168,3320.924521
62,121,3321.191993
185,240,3321.72556
120,184,3322.132894
106,175,3322.519734
84,155,3322.870591
50,115,3323.114672
50,136,3323.412261
106,160,3324.252424
100,169,3324.663819
80,143,3324.989238
111,177,3325.387456
99,160,3325.741083
60,134,3326.040969
3,107,3326.269622
50,124,3326.543724
73,128,3326.826077
3,113,3327.089395
56,139,3327.407095
52,114,3327.655647
2,115,3327.906628
138,198,3328.345673
76,145,3328.670076
115,176,3329.585605
44,120,3329.856993
79,139,3330.163976
73,140,3330.47221
42,129,3330.763986
51,119,3331.021328
81,160,3331.369088
53,138,3331.678426
35,107,3331.920574
67,131,3332.222174
142,203,3332.690231
46,126,3332.970564
134,186,3333.390885
93,168,3333.761539
91,154,3334.602958
101,157,3334.964797
187,244,3335.506552
97,158,3335.849391
112,166,3336.221639
120,165,3336.587478
63,131,3336.879987
91,147,3337.201623
41,129,3337.483389
78,139,3337.786633
128,188,3338.197536
145,210,3338.663622
80,138,3339.43192
59,123,3339.730794
227,289,3340.445556
135,196,3340.869104
112,177,3341.264386
2,99,3341.481042
0,113,3341.72799
128,184,3342.150929
15,102,3342.375521
0,109,3342.615076
50,125,3342.882046
124,185,3343.305565
86,146,3343.637879
55,127,3343.920276
68,145,3344.723474
98,152,3345.072877
65,121,3345.342448
3,119,3345.59597
114,178,3345.999937
64,127,3346.285342
124,185,3346.694791
142,206,3347.150161
78,143,3347.469464
4,114,3347.710433
108,171,3348.09597
3,94,3348.300761
85,168,3348.686961
56,115,3348.944714
115,182,3349.843187
5,120,3350.120733
100,160,3350.571774
105,173,3351.07799
104,171,3351.469522
52,127,3351.749793
142,206,3352.203617
136,200,3352.646724
11,129,3352.928565
51,114,3353.178777
34,118,3353.434147
13,129,3353.7136
2,100,3353.928423
50,110,3354.181154
186,245,3355.271927
51,122,3355.563124
78,145,3355.873244
92,156,3356.218811
1,115,3356.464836
0,101,3356.687796
110,172,3357.06556
105,167,3357.430468
134,206,3357.892523
0,154,3358.230896
3,103,3358.457753
42,114,3358.706511
135,201,3359.154601
22,117,3359.855766
64,126,3360.149752
16,101,3360.380304
125,182,3360.786029
92,143,3361.100963
60,123,3361.368691
55,135,3361.669223
81,171,3362.049187
130,191,3362.480639
253,316,3363.212642
43,127,3363.492723
58,124,3363.763244
41,115,3364.009378
105,166,3364.81391
74,140,3365.162831
59,143,3365.486765
73,136,3365.787377
101,163,3366.151929
107,165,3366.512124
77,148,3366.837265
81,144,3367.158119
1,31,3367.216606
57,122,3367.477793
87,156,3367.818348
51,126,3368.090571
100,159,3368.440458
123,187,3368.852344
81,143,3369.178483
19,113,3369.918949
70,134,3370.261544
3,127,3370.56994
74,140,3370.890006
102,167,3371.267787
85,148,3371.596583
81,145,3371.94038
86,151,3372.260826
72,152,3372.586826
6,118,3372.837097
63,124,3373.107595
114,174,3373.485945
71,136,3373.785216
107,173,3374.159741
0,100,3374.380493
76,144,3375.178215
101,175,3375.587525
5,134,3375.899791
74,144,3376.23045
60,124,3376.511003
106,165,3376.89747
53,123,3377.17427
77,157,3377.525526
0,137,3377.825255
85,146,3378.147314
140,202,3378.596115
141,202,3379.040119
3,116,3379.289597
132,199,3380.208244
140,202,3380.682608
0,115,3380.938067
73,140,3381.251521
97,156,3381.604146
64,135,3381.91307
150,210,3382.409764
107,168,3382.803789
1,119,3383.067721
67,135,3383.363836
45,119,3383.621649
76,140,3383.927455
1,112,3384.174033
60,124,3384.4476
47,120,3385.162651
100,171,3385.571399
52,118,3385.838561
9,117,3386.092382
0,105,3386.320988
80,159,3386.692302
32,125,3386.991892
83,152,3387.326383
0,105,3387.558047
161,227,3388.057223
80,142,3388.374206
110,172,3388.75571
0,117,3389.017165
99,163,3389.39253
14,99,3389.618768
131,198,3390.742089
3,138,3391.054995
110,173,3391.448403
162,225,3391.957025
73,137,3392.259631
86,149,3392.58912
83,146,3392.909582
70,148,3393.230536
104,163,3393.591742
60,142,3393.901108
51,144,3394.2263
103,168,3394.621667
30,123,3394.907979
1,114,3395.633605
79,151,3395.994822
1,130,3396.281761
66,130,3396.559089
185,265,3397.155259
6,120,3397.423855
181,243,3397.988907
61,131,3398.278061
58,125,3398.548446
51,126,3398.819705
53,127,3399.107695
1,115,3399.371805
67,130,3399.674953
101,174,3400.502045
82,147,3400.861055
101,169,3401.243897
45,126,3401.513589
147,215,3402.000518
63,131,3402.274429
97,167,3402.645015
134,199,3403.085307
155,221,3403.568932
112,181,3403.979573
11,120,3404.246826
0,119,3404.513908
96,161,3404.860255
73,159,3405.67661
63,145,3406.014353
3,120,3406.275389
72,136,3406.575407
44,116,3406.830398
64,136,3407.144026
53,121,3407.42211
64,123,3407.695313
69,139,3407.991931
63,147,3408.323647
64,133,3408.616883
153,215,3409.088603
52,135,3409.384459
2,107,3409.620341
30,117,3409.880682
95,170,3410.744874
242,302,3411.441683
80,149,3411.778424
174,232,3412.315246
77,139,3412.624349
136,210,3413.092057
78,137,3413.391589
55,121,3413.663743
10,41,3413.746471
40,139,3414.048696
65,138,3414.344875
93,148,3414.673412
2,116,3414.924622
72,130,3415.681685
64,134,3416.005157
63,153,3416.354059
2,168,3416.726314
0,124,3417.000536
92,158,3417.348994
124,177,3417.746927
91,163,3418.107238
43,129,3418.382205
78,151,3418.715449
55,124,3418.982201
85,149,3419.302843
118,187,3419.724681
59,132,3420.024086
90,156,3420.863253
162,230,3421.409848
3,105,3421.643802
27,154,3421.980744
4,136,3422.280902
127,195,3422.726986
37,145,3423.066534
63,133,3423.360631
4,111,3423.594214
1,29,3423.650951
104,160,3424.008476
93,153,3424.341971
105,180,3424.75143
46,119,3425.010025
43,113,3425.69715
66,125,3426.013286
4,29,3426.07595
0,103,3426.32117
113,177,3426.71811
110,181,3427.111803
0,117,3427.364459
0,138,3427.665079
1,50,3427.766581
52,110,3428.009398
93,160,3428.36109
87,151,3428.696409
13,109,3428.927135
14,122,3429.198819
86,156,3429.564396
2,117,3429.834425
29,108,3430.069075
58,135,3430.82599
91,160,3431.196214
64,142,3431.520485
55,135,3431.810204
25,117,3432.070376
26,108,3432.316115
258,323,3433.040381
6,116,3433.295918
1,114,3433.546422
93,159,3433.905629
4,133,3434.212518
5,118,3434.584061
74,147,3435.021194
70,135,3435.330783
46,122,3436.058194
64,135,3436.386411
49,123,3436.671068
98,165,3437.035141
3,126,3437.304983
2,118,3437.568329
96,174,3437.953694
0,100,3438.17181
82,149,3438.495288
76,137,3438.79602
8,50,3438.898671
75,139,3439.202855
32,134,3439.499136
86,153,3439.857001
3,117,3440.1214
61,134,3440.422886
1,130,3441.175583
109,175,3441.593119
59,119,3441.855499
8,112,3442.102341
68,140,3442.414861
2,122,3442.693589
105,172,3443.100768
84,148,3443.438059
4,115,3443.694481
80,145,3444.010966
51,116,3444.260594
29,126,3444.533243
99,167,3444.909702
113,191,3445.331896
71,137,3446.060548
119,185,3446.513701
66,131,3446.811767
0,111,3447.049943
3,112,3447.296434
58,124,3447.577165
134,208,3448.047522
120,177,3448.439825
47,116,3448.695142
52,120,3448.966129
115,181,3449.367939
109,176,3449.757656
110,175,3450.148446
70,144,3450.464416
66,130,3451.211723
141,211,3451.717932
2,91,3451.921693
3,149,3452.269457
69,139,3452.58988
1,120,3452.862568
127,192,3453.315076
3,138,3453.624196
89,159,3453.97708
169,235,3454.504122
59,131,3454.794927
70,140,3455.101413
76,172,3455.481005
84,152,3456.273074
139,207,3456.768182
48,116,3457.020212
91,158,3457.375564
102,168,3457.756748
0,118,3458.011709
98,162,3458.368505
66,137,3458.675143
75,157,3459.019554
16,137,3459.32358
94,160,3459.675069
46,118,3459.929992
53,129,3460.21055
127,190,3460.644642
96,165,3461.53119
90,156,3461.891409
135,204,3462.344741
87,151,3462.688232
79,139,3462.998387
75,139,3463.324374
87,159,3463.69572
138,207,3464.170384
37,149,3464.496354
110,172,3464.87885
52,130,3465.158533
53,135,3465.448718
108,179,3465.843273
162,232,3466.85507
136,193,3467.305956
95,167,3467.69126
116,184,3468.110978
70,153,3468.44114
0,114,3468.695752
88,152,3469.028852
78,143,3469.3511
26,114,3469.622718
160,225,3470.161441
68,139,3470.462096
63,133,3470.75145
31,120,3471.015537
77,147,3471.821171
70,128,3472.125381
41,113,3472.388765
65,129,3472.683617
152,215,3473.182497
70,134,3473.464281
70,155,3473.791063
68,135,3474.078149
102,170,3474.448232
112,187,3474.875243
0,98,3475.089193
17,110,3475.328847
1,140,3475.630387
60,132,3475.918133
70,139,3476.690263
66,135,3477.016911
151,220,3477.573596
1,100,3477.9009
68,133,3478.262147
119,186,3478.692492
1,104,3478.91285
18,126,3479.192357
41,122,3479.455297
99,165,3479.848424
101,158,3480.187588
70,128,3480.477052
14,129,3480.769235
121,191,3481.204282
73,141,3481.977345
11,117,3482.248014
0,126,3482.518113
0,164,3482.878592
16,139,3483.18172
86,154,3483.523063
48,134,3483.811394
102,173,3484.194571
201,271,3484.788818
62,132,3485.080057
68,130,3485.362274
21,108,3485.600467
38,119,3485.869087
0,150,3486.212786
23,147,3487.000444
46,141,3487.327888
69,141,3487.642715
55,140,3487.948076
81,152,3488.296142
82,155,3488.647965
136,207,3489.111695
94,163,3489.473597
4,119,3489.732262
96,166,3490.096835
21,128,3490.388521
56,143,3490.721871
92,171,3491.121763
175,248,3492.158227
148,217,3492.673255
26,126,3492.951101
133,206,3493.401664
55,136,3493.697285
6,49,3493.794918
101,168,3494.161082
4,127,3494.427751
51,129,3494.715534
2,112,3494.961175
58,133,3495.259175
26,121,3495.534342
92,181,3495.942043
110,178,3496.332728
72,157,3497.150016
210,281,3497.793682
139,204,3498.257662
91,188,3498.673443
90,167,3499.061241
31,144,3499.371736
149,222,3499.859184
71,162,3500.208281
142,210,3500.697585
140,207,3501.171674
106,176,3501.995372
149,214,3502.508761
0,129,3502.791476
1,118,3503.045535
0,109,3503.278357
79,153,3503.609289
3,123,3503.864944
79,167,3504.237851
60,128,3504.512366
27,127,3504.78862
6,39,3504.87259
63,131,3505.160494
71,135,3505.468644
59,133,3505.767677
40,130,3506.048374
69,138,3506.348447
69,147,3507.127178
10,120,3507.402959
80,158,3507.768314
25,123,3508.036178
102,176,3508.433236
60,146,3508.748414
79,151,3509.072344
105,178,3509.463153
26,118,3509.720328
185,263,3510.336509
60,133,3510.628737
70,145,3510.953649
61,132,3511.239868
90,163,3512.056363
81,142,3512.391663
83,152,3512.725441
146,221,3513.212301
82,156,3513.561593
108,177,3513.950041
74,159,3514.30235
56,155,3514.658093
2,116,3514.932569
128,196,3515.381665
8,126,3515.659697
106,180,3516.060636
156,224,3516.552498
127,198,3517.504068
88,165,3517.886379
108,178,3518.287246
104,181,3518.68346
14,143,3519.000299
78,148,3519.325294
141,217,3519.809876
5,115,3520.061623
83,157,3520.410364
147,218,3520.935283
252,331,3522.31161
97,176,3522.740631
66,148,3523.069926
139,209,3523.532909
159,233,3524.056763
58,137,3524.365216
50,145,3524.681905
187,257,3525.25294
108,183,3525.6585
45,124,3525.927023
67,146,3526.263665
109,183,3526.668955
170,241,3527.683036
39,148,3528.031748
140,203,3528.494019
11,127,3528.772026
52,145,3529.095005
18,135,3529.392513
68,134,3529.689105
172,248,3530.242747
121,192,3530.673209
98,179,3531.086301
64,141,3531.40341
115,183,3531.818257
72,147,3532.601121
27,145,3532.950496
53,156,3533.308313
71,157,3533.643799
118,199,3534.080494
5,129,3534.351772
47,145,3534.666122
26,124,3534.935291
0,130,3535.215251
106,181,3535.611365
109,188,3536.041252
90,157,3536.405075
74,150,3536.734889
73,163,3537.542927
0,129,3537.841003
9,68,3537.984603
0,130,3538.273856
86,161,3538.627441
42,131,3538.918098
49,136,3539.204057
39,118,3539.464413
1,53,3539.573285
107,178,3539.967416
101,173,3540.345765
64,138,3540.643407
104,174,3541.031541
2,80,3541.200907
8,133,3541.501202
158,233,3542.475992
125,198,3542.94684
44,151,3543.274073
22,58,3543.393311
131,208,3543.857131
82,150,3544.179313
63,142,3544.483531
0,136,3544.777486
43,136,3545.072257
161,233,3545.605945
154,224,3546.114639
107,179,3546.50959
3,57,3546.625125
68,149,3547.383289
3,43,3547.489832
96,177,3547.911289
121,191,3548.338061
76,144,3548.665437
6,122,3548.933005
60,133,3549.222839
56,138,3549.515583
52,124,3549.788407
67,136,3550.086338
96,171,3550.47066
134,221,3550.95728
73,144,3551.260755
91,164,3551.625515
100,170,3552.481347
47,145,3552.843841
92,165,3553.212517
84,152,3553.536527
112,189,3553.964514
61,138,3554.252218
178,245,3554.784841
73,141,3555.082617
58,129,3555.355396
75,149,3555.679113
36,132,3555.958868
12,49,3556.057438
108,178,3556.448386
0,140,3556.768026
36,120,3557.498199
96,170,3557.899249
96,167,3558.264065
77,145,3558.594223
66,147,3558.915501
5,154,3559.253969
51,139,3559.542422
145,214,3560.013574
103,176,3560.394738
54,144,3560.703549
1,36,3560.776953
12,63,3560.902391
142,215,3561.389807
59,141,3561.711481
0,126,3562.449439
9,37,3562.535056
38,134,3562.852602
30,115,3563.095407
3,32,3563.161453
5,133,3563.454852
52,124,3563.714933
94,159,3564.069995
12,48,3564.170228
65,134,3564.574625
147,214,3565.16838
13,137,3565.47562
179,259,3566.05627
102,173,3566.445261
85,152,3566.783261
156,223,3567.751302
12,43,3567.850604
108,176,3568.260064
142,203,3568.712939
41,126,3568.980851
79,150,3569.301933
3,22,3569.346884
4,62,3569.476498
114,183,3569.877566
32,153,3570.21979
107,176,3570.619447
82,156,3570.96651
11,121,3571.225896
99,170,3571.595035
0,22,3571.6411
15,43,3571.730631
2,29,3571.784797
52,131,3572.068171
111,184,3572.949878
124,195,3573.379553
48,135,3573.677485
79,160,3574.028823
101,167,3574.397405
65,146,3574.722706
111,172,3575.100662
70,150,3575.436637
65,144,3575.765818
113,183,3576.18337
78,142,3576.495673
2,128,3576.775781
91,163,3577.592077
0,99,3577.842361
24,123,3578.127604
60,154,3578.465599
78,149,3578.797957
148,220,3579.313748
10,140,3579.629982
104,164,3580.002316
8,41,3580.083513
4,26,3580.135114
17,126,3580.409236
77,166,3580.770802
99,158,3581.11626
10,125,3581.387998
3,39,3581.466654
104,183,3581.873493
117,196,3582.770596
103,165,3583.153424
50,136,3583.460248
98,171,3583.83447
80,139,3584.139112
0,117,3584.391922
154,225,3584.884565
86,145,3585.202135
86,154,3585.530317
100,173,3585.914724
66,131,3586.200915
52,119,3586.462647
0,154,3586.806159
70,140,3587.124879
214,281,3588.247503
72,139,3588.553258
42,129,3588.832111
204,266,3589.42614
73,138,3589.715655
111,179,3590.117137
246,309,3590.790017
121,191,3591.231264
93,165,3591.606268
108,184,3592.030421
54,119,3592.750126
2,124,3593.055445
96,161,3593.402242
96,166,3593.773131
117,179,3594.166177
41,144,3594.475499
159,224,3594.963788
127,191,3595.388764
95,158,3595.733142
56,131,3596.015314
88,150,3596.343709
70,141,3596.641758
97,166,3597.00408
66,141,3597.784065
58,128,3598.080195
161,232,3598.593576
38,126,3598.885458
78,149,3599.225706
71,163,3599.605275
0,130,3599.891625
37,115,3600.144713
134,206,3600.589765
112,183,3600.997196
143,211,3601.452759
78,162,3601.805789
56,142,3602.12194
0,117,3602.839211
142,209,3603.324311
63,123,3603.602275
74,138,3603.907712
118,186,3604.322879
134,192,3604.745102
107,173,3605.120945
68,133,3605.413132
91,152,3605.742862
152,213,3606.214891
2,127,3606.487133
61,128,3606.76282
98,185,3607.616334
120,182,3608.083403
59,119,3608.361807
3,106,3608.590787
104,168,3608.954959
9,78,3609.11168
100,161,3609.45809
136,194,3609.880763
119,176,3610.265336
3,105,3610.487957
92,153,3610.823207
149,215,3611.287671
64,126,3611.569982
98,160,3611.922099
84,145,3612.696226
67,126,3613.006945
5,128,3613.30132
65,132,3613.591886
57,120,3613.854408
21,105,3614.077169
127,182,3614.491992
75,157,3614.8374
59,139,3615.140987
77,153,3615.471815
69,157,3615.812854
102,168,3616.182726
52,122,3616.496159
82,150,3616.95135
53,134,3617.26697
117,187,3618.170933
2,58,3618.294089
0,126,3618.571497
130,191,3618.991117
6,107,3619.219504
104,173,3619.591687
113,180,3619.985537
93,159,3620.335539
221,284,3620.955089
44,137,3621.247076
10,44,3621.338901
58,123,3621.612035
98,166,3621.993795
90,149,3622.771668
73,141,3623.119678
36,114,3623.380535
61,129,3623.663289
140,207,3624.120776
4,128,3624.390951
106,170,3624.767169
52,121,3625.013138
112,179,3625.408113
106,175,3625.786963
75,140,3626.089207
40,122,3626.343055
84,156,3626.675969
107,177,3627.059471
160,224,3628.022988
97,164,3628.402389
94,162,3628.76857
181,256,3629.36797
153,220,3629.851747
67,132,3630.131667
7,122,3630.384915
1,107,3630.618907
128,195,3631.053637
70,134,3631.340294
93,161,3631.692198
96,163,3632.056738
56,127,3632.786194
85,152,3633.149671
35,124,3633.420758
148,221,3633.922665
2,108,3634.165395
83,148,3634.499872
76,156,3634.839678
90,156,3635.176376
61,129,3635.458519
42,129,3635.749897
72,141,3636.070693
130,195,3636.504406
45,113,3636.754125
63,154,3637.08944
36,147,3637.880067
78,145,3638.219238
7,48,3638.32331
118,179,3638.715292
68,135,3639.004399
136,206,3639.459441
13,90,3639.645276
66,134,3639.926528
79,146,3640.255641
55,122,3640.533616
5,137,3640.844498
82,147,3641.175681
119,196,3641.604424
87,156,3641.945871
60,129,3642.226712
75,140,3643.012259
21,126,3643.298271
30,116,3643.546609
83,148,3643.865126
125,192,3644.286353
12,150,3644.62104
87,153,3644.975592
52,118,3645.247699
61,125,3645.530496
3,111,3645.77256
97,165,3646.128831
10,94,3646.330271
58,123,3646.591632
134,202,3647.030748
70,148,3647.812866
133,198,3648.296958
63,125,3648.578827
120,185,3648.993285
70,135,3649.302918
21,120,3649.585966
136,199,3650.027714
63,127,3650.316913
62,128,3650.585828
7,48,3650.68699
70,137,3650.977012
132,200,3651.422261
166,236,3651.946268
83,165,3652.309806
128,195,3653.26768
36,126,3653.554791
0,134,3653.847217
37,129,3654.128012
75,151,3654.45521
182,249,3655.00012
214,279,3655.621401
44,134,3655.90856
4,115,3656.15478
124,186,3656.56636
115,182,3656.961956
0,126,3657.229964
8,118,3657.988451
34,133,3658.301704
59,131,3658.609703
0,111,3658.857538
6,43,3658.94436
95,159,3659.315259
63,127,3659.586917
142,213,3660.066572
75,142,3660.520936
2,133,3660.865174
116,185,3661.285101
104,174,3661.673011
113,174,3662.05259
7,119,3662.305454
85,153,3663.087845
135,202,3663.598608
0,99,3663.818586
100,167,3664.187711
0,53,3664.297581
105,171,3664.682568
11,124,3664.947547
109,177,3665.35465
110,170,3665.74501
38,125,3666.033863
79,146,3666.357347
66,141,3666.680696
0,119,3666.957454
118,182,3667.362328
64,145,3667.678691
83,148,3668.468987
7,47,3668.565838
22,118,3668.834082
110,173,3669.214234
83,150,3669.538836
83,148,3669.860155
49,117,3670.107182
71,138,3670.414357
181,239,3670.942482
105,165,3671.30845
3,115,3671.558349
160,222,3672.045653
141,219,3672.533222
151,214,3673.480494
43,115,3673.740992
84,142,3674.053105
10,123,3674.327821
126,189,3674.757861
1,129,3675.053524
42,114,3675.3122
73,153,3675.644932
136,197,3676.080431
88,154,3676.418783
75,152,3676.750741
77,144,3677.062503
57,127,3677.331589
145,211,3678.254891
205,261,3678.863833
131,199,3679.302433
67,134,3679.594627
3,189,3680.027235
69,126,3680.310397
155,225,3680.812189
154,214,3681.273921
66,123,3681.53533
5,122,3681.803174
0,139,3682.101603
39,108,3682.333181
0,119,3682.586592
73,133,3683.385011
73,136,3683.701129
86,159,3684.038541
46,133,3684.323968
103,165,3684.681379
90,159,3685.029095
0,136,3685.323307
57,148,3685.640527
129,198,3686.086096
144,215,3686.585449
146,218,3687.087911
82,142,3687.394719
82,154,3688.17375
130,207,3688.663517
117,181,3689.064113
105,173,3689.441782
83,163,3689.814457
5,129,3690.103026
98,158,3690.464683
1,97,3690.687459
113,168,3691.061568
0,96,3691.262104
80,165,3691.618148
40,102,3691.833049
85,144,3692.141654
53,110,3692.374524
46,109,3692.612457
64,127,3693.358927
89,149,3693.705974
66,128,3693.991446
53,150,3694.343446
59,120,3694.610499
23,120,3694.876181
140,209,3695.332882
115,181,3695.725458
82,146,3696.044801
93,162,3696.407028
88,145,3696.738682
114,174,3697.124825
3,132,3697.409407
133,190,3698.29264
3,122,3698.692451
40,125,3699.058598
84,150,3699.413215
99,181,3699.810769
122,188,3700.218354
77,139,3700.513695
172,246,3701.058007
72,138,3701.365098
0,115,3701.620938
141,201,3702.088457
81,140,3702.408014
7,112,3702.661789
34,149,3703.441722
70,158,3703.820175
89,151,3704.158569
89,152,3704.488453
135,195,3704.916728
182,242,3705.456112
140,215,3705.921515
51,130,3706.200057
91,148,3706.520146
68,145,3706.845143
1,108,3707.090901
37,137,3707.406701
114,187,3707.846188
107,187,3708.760966
41,129,3709.057853
74,141,3709.366785
23,130,3709.661088
71,135,3709.956649
56,151,3710.278018
74,131,3710.566124
50,127,3710.845801
98,158,3711.185011
83,145,3711.494652
97,162,3711.850489
153,218,3712.359831
128,202,3712.826726
101,174,3713.67873
102,163,3714.053802
1,110,3714.299534
99,159,3714.649685
4,108,3714.880998
74,174,3715.25753
50,107,3715.487923
46,124,3715.760235
12,123,3716.018692
109,171,3716.394989
76,156,3716.749025
0,117,3717.016418
91,170,3717.408593
1,122,3717.678177
94,155,3718.006908
77,153,3718.816216
61,132,3719.110012
87,161,3719.462028
4,128,3719.746586
128,199,3720.182191
3,109,3720.4208
68,143,3720.729365
175,266,3721.323457
3,134,3721.631357
47,117,3721.894889
80,144,3722.225682
41,143,3722.545071
35,110,3722.783995
31,122,3723.487395
102,170,3723.902372
91,190,3724.315568
29,119,3724.569207
137,194,3724.997234
76,136,3725.293011
59,124,3725.557616
132,190,3725.972621
86,143,3726.277202
108,168,3726.658268
18,137,3726.969104
3,195,3727.42257
29,143,3727.738174
0,117,3727.991784
84,148,3728.789073
4,151,3729.123788
76,140,3729.432179
130,192,3729.852892
95,180,3730.248145
119,194,3730.676305
62,127,3730.956697
82,179,3731.348509
143,200,3731.789209
15,144,3732.104793
93,153,3732.432268
71,131,3732.730194
1,90,3732.925559
108,215,3734.086781
15,109,3734.33243
107,168,3734.69876
9,133,3734.982855
141,213,3735.453626
2,94,3735.655649
73,204,3736.103155
46,106,3736.335758
123,180,3736.729267
143,196,3737.159643
98,160,3737.497952
126,185,3737.905126
78,135,3738.677561
91,148,3739.055366
64,127,3739.342812
2,170,3739.737161
127,184,3740.150638
212,268,3740.742141
101,160,3741.093421
3,101,3741.301089
37,112,3741.540787
147,205,3741.985639
81,137,3742.288129
121,210,3742.753303
101,160,3743.096919
57,114,3743.813116
55,110,3744.07205
0,136,3744.371605
210,264,3744.969654
59,114,3745.209989
124,178,3745.599467
4,75,3745.750204
115,173,3746.132164
157,238,3746.645625
184,283,3747.266673
118,190,3747.681912
7,75,3747.830372
0,146,3748.142353
84,143,3748.943763
74,159,3749.289686
89,145,3749.60427
62,120,3749.866821
77,135,3750.164264
121,199,3750.594538
0,137,3750.9025
93,151,3751.230304
50,136,3751.528506
136,195,3751.951023
22,104,3752.176531
2,26,3752.229411
1,114,3752.489395
162,214,3752.992712
156,220,3753.989631
3,134,3754.290662
101,157,3754.651205
54,111,3754.886646
115,178,3755.288093
5,134,3755.582293
96,152,3755.9201
74,134,3756.212983
1,120,3756.478139
23,133,3756.767154
135,200,3757.210334
151,208,3757.664325
131,204,3758.116662
91,151,3758.925821
132,192,3759.360196
89,154,3759.697179
146,205,3760.154815
77,139,3760.464301
145,211,3760.940459
108,178,3761.331394
144,223,3761.826912
118,178,3762.208617
197,263,3762.794706
96,151,3763.122372
10,110,3763.830175
56,137,3764.144917
173,226,3764.64874
69,126,3764.926003
84,139,3765.243101
143,204,3765.71277
33,105,3765.946172
77,131,3766.244953
118,175,3766.625956
102,164,3766.981936
9,130,3767.255775
100,158,3767.597212
75,148,3767.920118
100,158,3768.711253
36,120,3769.000002
97,162,3769.365888
210,265,3769.967582
98,166,3770.349906
0,129,3770.642069
132,190,3771.060934
3,104,3771.283964
94,166,3771.653076
83,147,3771.975169
36,140,3772.271558
5,105,3772.492772
27,125,3772.766092
99,175,3773.155995
4,109,3773.86345
106,158,3774.228753
141,205,3774.67018
127,189,3775.08274
4,56,3775.189475
75,127,3775.462825
59,161,3775.809707
53,127,3776.087382
126,197,3776.510933
86,156,3776.84718
166,224,3777.333993
89,150,3777.656616
69,122,3777.917099
19,138,3778.669297
82,144,3779.00252
169,249,3779.55313
2,95,3779.754211
4,116,3780.019563
62,142,3780.327147
125,189,3780.746281
58,163,3781.102245
134,190,3781.516235
128,191,3781.930386
47,118,3782.19737
110,173,3782.601082
197,255,3783.632077
37,105,3783.887692
204,268,3784.510878
76,136,3784.805921
104,170,3785.166758
78,135,3785.468941
25,115,3785.714682
94,158,3786.058913
207,270,3786.66358
63,130,3786.940776
141,197,3787.369189
88,151,3787.697035
56,113,3787.942653
158,223,3788.922664
73,140,3789.229696
21,156,3789.576903
86,168,3789.946204
155,218,3790.425133
135,199,3790.861714
114,187,3791.270581
69,125,3791.550375
61,123,3791.803447
111,204,3792.260765
109,172,3792.658122
42,132,3792.944614
26,132,3793.694592
120,183,3794.128746
29,138,3794.424459
158,221,3794.919753
53,141,3795.223768
104,173,3795.600255
87,161,3795.956354
66,150,3796.281044
132,196,3796.712791
67,131,3796.990447
7,126,3797.260976
59,132,3797.54812
134,198,3797.983168
101,168,3798.829466
50,136,3799.132954
94,150,3799.459929
67,163,3799.815022
90,152,3800.148835
32,136,3800.45472
173,234,3800.978535
51,118,3801.231012
91,172,3801.607321
58,145,3801.924944
8,114,3802.164045
101,165,3802.517757
19,156,3802.857184
2,133,3803.603391
23,119,3803.891948
76,149,3804.232073
135,198,3804.665954
29,118,3804.914612
124,191,3805.326908
2,127,3805.652261
103,206,3806.263185
44,123,3806.545708
50,132,3806.831923
168,229,3807.330467
87,154,3807.65591
6,93,3807.858682
0,108,3808.095711
55,128,3808.874747
2,111,3809.133367
128,192,3809.573859
34,122,3809.836843
49,128,3810.119182
18,172,3810.481571
105,168,3810.846005
139,208,3811.291762
89,151,3811.618691
272,337,3812.356254
56,127,3812.626351
161,224,3813.133819
64,126,3813.911504
128,189,3814.352975
13,84,3814.532837
202,261,3815.107912
100,157,3815.453443
0,114,3815.701194
113,170,3816.076154
69,133,3816.354165
17,135,3816.638615
29,126,3816.907736
3,107,3817.134838
175,236,3817.644578
87,160,3817.990234
10,116,3818.688879
31,167,3819.082205
0,109,3819.325265
109,170,3819.699108
106,158,3820.039436
79,157,3820.382893
82,151,3820.708139
91,155,3821.045069
82,145,3821.369957
18,119,3821.6306
44,137,3821.934494
106,160,3822.287787
166,226,3822.784283
5,137,3823.076334
47,115,3823.789214
116,178,3824.193645
39,122,3824.454865
0,126,3824.722693
97,150,3825.054774
70,167,3825.418933
4,50,3825.517801
109,165,3825.878525
72,128,3826.16494
9,117,3826.411564
124,181,3826.803012
76,156,3827.146202
168,219,3827.634879
8,143,3827.962591
1,109,3828.665532
91,151,3829.034019
0,106,3829.266526
130,207,3829.719526
152,214,3830.179624
14,118,3830.437032
71,143,3830.746044
24,117,3831.007489
35,113,3831.264102
81,154,3831.61446
162,224,3832.119792
113,167,3832.484822
74,142,3832.788746
83,139,3833.086952
40,144,3833.885089
157,226,3834.401576
117,170,3834.768293
2,107,3834.987712
1,127,3835.263349
80,135,3835.573555
88,167,3835.96497
116,170,3836.358666
49,135,3836.650701
112,163,3837.004592
96,162,3837.347404
42,123,3837.609543
6,103,3837.823433
60,125,3838.538004
6,113,3838.808827
100,168,3839.198272
74,124,3839.471443
154,212,3839.938333
47,131,3840.233824
74,136,3840.547167
105,180,3840.953954
21,105,3841.197473
48,135,3841.502694
133,182,3841.914577
101,167,3842.26704
12,110,3842.504888
50,110,3842.738553
70,130,3843.022473
2,121,3843.746004
3,103,3843.985375
70,151,3844.318166
94,146,3844.632307
6,124,3844.902927
72,133,3845.204029
164,222,3845.849684
4,77,3846.040833
49,145,3846.380284
111,181,3846.781993
66,151,3847.101624
122,173,3847.483343
74,133,3847.776706
124,174,3848.15119
88,147,3848.950668
40,140,3849.262624
20,106,3849.490499
139,191,3849.903028
149,195,3850.322975
27,166,3850.678508
47,108,3850.905005
68,139,3851.198177
8,153,3851.508831
83,130,3851.793961
82,144,3852.10058
124,201,3852.537938
14,76,3852.699291
77,130,3852.981836
146,195,3853.925265
79,148,3854.270289
96,161,3854.620367
111,174,3855.000298
73,167,3855.362895
0,78,3855.524966
146,211,3855.993337
49,107,3856.219302
5,89,3856.404447
22,106,3856.633067
19,121,3856.88772
162,223,3857.376837
0,99,3857.592293
117,168,3857.975432
1,106,3858.688613
31,145,3859.031504
79,142,3859.342907
132,197,3859.779788
76,130,3860.066262
83,135,3860.3599
81,131,3860.635246
63,132,3860.90989
100,151,3861.237221
18,110,3861.475373
125,183,3861.860992
27,117,3862.107418
61,131,3862.385336
2,151,3862.710728
83,156,3863.044629
31,116,3863.7989
73,152,3864.149384
102,149,3864.478129
135,183,3864.87233
146,195,3865.301278
19,133,3865.592551
115,166,3865.953483
136,206,3866.423945
26,137,3866.722854
101,156,3867.068144
196,243,3867.617086
0,85,3867.791969
93,157,3868.575732
71,124,3868.863208
33,114,3869.11338
83,131,3869.408988
64,131,3869.694349
35,118,3869.949909
93,157,3870.290256
111,160,3870.643779
180,227,3871.151174
88,165,3871.542053
3,118,3871.794929
232,292,3872.468354
116,194,3872.8887
98,161,3873.710523
30,122,3873.991674
107,175,3874.385009
1,140,3874.694106
68,132,3874.977169
4,113,3875.222104
125,173,3875.597314
5,143,3875.918314
113,195,3876.376973
218,304,3877.075047
146,212,3877.544298
130,185,3877.95353
71,123,3878.667137
124,200,3879.144186
117,166,3879.521086
88,139,3879.810597
141,189,3880.216431
68,120,3880.471821
25,72,3880.615601
1,148,3880.92728
36,111,3881.1667
124,213,3881.628105
85,132,3881.916049
134,183,3882.315516
134,215,3882.772308
58,103,3882.992066
7,51,3883.576084
153,223,3884.124411
72,154,3884.470482
57,117,3884.72664
117,181,3885.116777
123,189,3885.529657
208,269,3886.12431
66,113,3886.365499
92,168,3886.72766
54,149,3887.04807
0,89,3887.235076
47,129,3887.51035
0,114,3887.739518
122,171,3888.576582
55,115,3888.844631
24,189,3889.264357
136,186,3889.675364
7,107,3889.89855
125,177,3890.290973
111,165,3890.647494
170,217,3891.123142
109,183,3891.518061
79,142,3891.818844
80,123,3892.081167
75,120,3892.33625
225,273,3892.931966
39,132,3893.880908
185,254,3894.465245
3,101,3894.669991
126,187,3895.076204
111,181,3895.463693
73,138,3895.761262
73,156,3896.103216
92,144,3896.42547
2,123,3896.700397
96,144,3897.016082
73,128,3897.297328
125,188,3897.70549
30,130,3897.980907
101,183,3898.845495
52,154,3899.204652
58,124,3899.484959
60,127,3899.767357
75,125,3900.040712
3,162,3900.392114
92,173,3900.763592
88,164,3901.109939
108,166,3901.472697
97,241,3901.996012
98,149,3902.318456
66,125,3902.586006
139,196,3903.031857
118,171,3903.908627
74,166,3904.274724
219,270,3904.858625
79,133,3905.140769
73,140,3905.438144
43,112,3905.678542
62,117,3905.9305
74,124,3906.198759
78,129,3906.470168
94,149,3906.792055
91,164,3907.150272
6,150,3907.469738
3,144,3907.773754
72,132,3908.520682
101,155,3908.892609
71,123,3909.157283
98,147,3909.47653
55,127,3909.74834
59,178,3910.153174
162,215,3910.641908
76,153,3910.980378
40,141,3911.285779
135,187,3911.691051
154,235,3912.188363
97,147,3912.505152
0,137,3912.805006
53,182,3913.672186
77,164,3914.056407
71,152,3914.385605
101,151,3914.740785
73,122,3915.014429
15,166,3915.403141
12,78,3915.571498
82,153,3915.924668
177,227,3916.447213
22,138,3916.760885
123,173,3917.158982
119,168,3917.516526
3,183,3917.911104
0,124,3918.644449
63,150,3918.991197
139,216,3919.460806
121,177,3919.849506
46,98,3920.062903
18,129,3920.33951
78,125,3920.620939
98,169,3921.006697
7,153,3921.351399
166,236,3921.877436
75,128,3922.14472
61,114,3922.384608
81,173,3922.768842
59,123,3923.486742
47,151,3923.852762
60,111,3924.094853
44,153,3924.434926
65,113,3924.675423
106,157,3925.016182
3,61,3925.135797
67,116,3925.388958
17,69,3925.534382
113,174,3925.917152
113,188,3926.331903
0,96,3926.532806
137,203,3926.98142
99,149,3927.308935
58,109,3927.542902
96,143,3927.858594
74,131,3928.747425
97,178,3929.248718
50,169,3929.629407
140,203,3930.083641
68,116,3930.327029
3,128,3930.606324
166,243,3931.168462
0,121,3931.428793
125,185,3931.830635
70,121,3932.094278
97,150,3932.421932
107,160,3932.775205
121,170,3933.140712
61,111,3933.87889
150,197,3934.334747
17,142,3934.670455
101,197,3935.100944
123,173,3935.483112
23,124,3935.749869
74,122,3936.007558
108,199,3936.446265
185,267,3937.034792
59,108,3937.260427
123,217,3937.742521
162,209,3938.653392
38,101,3938.908215
3,154,3939.271038
74,126,3939.550714
88,140,3939.84892
90,142,3940.158133
107,156,3940.493502
152,205,3940.944193
81,126,3941.20813
1,94,3941.406267
116,165,3941.766741
95,143,3942.099183
0,158,3942.435266
106,164,3942.791706
192,239,3943.774724
106,156,3944.126863
78,128,3944.429677
67,165,3944.770913
136,203,3945.241745
53,115,3945.484097
63,113,3945.729636
17,172,3946.117849
50,170,3946.492339
61,111,3946.725595
67,119,3946.975615
128,178,3947.363425
90,141,3947.664247
85,135,3947.960457
58,119,3948.676583
268,317,3949.397367
221,267,3950.005148
2,223,3950.514282
36,121,3950.783697
14,162,3951.155856
0,97,3951.360081
2,128,3951.63738
2,172,3952.004407
117,170,3952.367323
83,130,3952.645014
68,174,3953.025695
106,153,3953.840144
1,153,3954.176241
27,136,3954.47698
93,142,3954.779428
75,125,3955.059974
245,355,3955.829326
96,182,3956.223755
126,181,3956.622796
66,114,3956.87336
99,149,3957.188652
92,141,3957.501198
54,164,3957.867487
72,175,3958.756165
100,155,3959.108835
6,108,3959.343256
69,147,3959.657077
56,119,3959.917492
3,121,3960.173132
66,118,3960.426017
204,257,3960.988701
119,167,3961.352204
0,112,3961.593341
95,145,3961.90292
64,131,3962.186686
134,183,3962.583661
99,147,3962.900481
146,200,3963.811211
87,153,3964.1466
132,207,3964.603117
150,242,3965.150595
116,170,3965.539196
82,134,3965.839094
86,138,3966.159015
71,135,3966.466666
50,252,3967.023434
67,125,3967.29647
23,153,3967.621256
35,106,3967.846356
101,155,3968.660011
2,151,3969.007245
67,117,3969.265497
97,180,3969.652273
109,162,3970.007341
65,129,3970.28615
70,124,3970.555686
9,157,3970.895214
139,192,3971.307218
85,188,3971.709419
176,227,3972.202292
105,156,3972.549441
67,132,3972.834321
84,135,3973.599751
154,205,3974.070596
3,139,3974.413722
110,210,3975.037638
91,146,3975.364217
117,162,3975.720178
0,144,3976.029194
75,157,3976.357436
2,117,3976.618433
98,149,3976.954041
46,127,3977.249019
0,97,3977.463252
44,112,3977.718215
74,124,3978.002509
210,292,3979.180203
127,175,3979.562302
6,113,3979.809621
23,208,3980.266987
121,178,3980.661457
123,190,3981.075524
36,133,3981.359704
96,161,3981.719199
67,135,3982.005485
3,98,3982.220427
83,132,3982.51805
8,106,3982.76039
134,202,3983.223623
0,114,3983.957343
125,175,3984.348268
80,130,3984.617119
45,122,3984.884858
135,224,3985.370594
54,142,3985.684444
6,139,3985.982897
1,137,3986.271535
70,123,3986.530261
101,176,3986.908634
71,154,3987.241466
150,212,3987.730068
96,171,3988.12695
114,190,3989.011398
125,196,3989.440118
72,126,3989.709297
57,137,3990.012488
85,163,3990.363232
92,180,3990.758918
80,137,3991.053452
150,223,3991.539069
55,121,3991.810196
119,172,3992.20382
128,185,3992.614966
98,151,3992.933256
81,179,3993.793435
231,291,3994.464178
100,156,3994.804691
139,191,3995.227698
1,126,3995.513972
24,134,3995.814667
149,213,3996.290248
132,201,3996.738678
77,137,3997.022693
121,183,3997.413848
6,195,3997.8254
93,175,3998.648121
3,141,3998.989071
111,164,3999.349716
75,153,3999.696852
186,239,4000.238569
97,149,4000.562504
62,140,4000.856166
3,126,4001.121581
25,124,4001.378241
0,148,4001.693026
98,174,4002.076615
12,122,4002.340005
108,165,4002.691601
94,162,4003.03417
35,155,4003.84345
12,122,4004.132677
54,162,4004.502521
121,218,4004.993026
40,122,4005.248811
0,116,4005.499397
20,147,4005.815821
23,176,4006.193681
50,132,4006.478458
126,184,4006.882241
183,241,4007.414847
170,226,4007.90664
54,128,4008.644226
148,201,4009.106575
181,242,4009.634193
54,115,4009.871821
87,150,4010.202193
158,232,4010.718477
117,178,4011.10517
85,165,4011.462264
98,150,4011.795326
116,174,4012.180007
118,178,4012.565003
83,153,4012.892546
67,152,4013.767225
41,122,4014.170143
75,151,4014.533307
66,138,4014.845076
194,255,4015.404238
179,254,4015.957508
1,129,4016.221036
89,148,4016.552105
142,216,4017.049169
158,225,4017.573594
27,110,4017.818049
2,106,4018.054345
120,179,4018.916638
61,115,4019.181932
151,202,4019.63061
58,136,4019.92904
65,143,4020.23454
83,138,4020.52508
96,157,4020.861028
69,161,4021.205434
73,153,4021.553987
70,153,4021.913023
73,126,4022.202293
105,158,4022.568548
94,181,4022.990968
50,132,4023.737045
106,162,4024.144491
77,142,4024.455231
4,114,4024.709013
72,141,4025.008145
88,153,4025.345118
82,134,4025.636999
36,116,4025.879509
35,142,4026.179272
6,105,4026.399797
30,143,4026.708797
37,113,4026.954328
0,138,4027.259458
100,160,4027.612262
32,183,4028.036829
3,119,4028.746239
106,165,4029.154809
94,158,4029.494843
57,114,4029.752563
79,172,4030.115372
66,125,4030.379268
71,151,4030.703721
55,128,4030.984291
90,146,4031.316636
4,137,4031.633098
104,152,4031.964573
46,134,4032.256246
54,105,4032.483321
34,104,4032.704945
113,169,4033.074341
0,124,4033.804956
99,161,4034.176884
89,144,4034.490804
125,194,4034.904264
92,149,4035.246917
112,164,4035.62242
82,147,4035.95335
9,74,4036.1149
147,212,4036.605231
75,129,4036.902598
61,141,4037.221903
13,120,4037.475564
69,120,4037.738712
140,205,4038.186496
98,178,4039.044383
41,160,4039.406643
90,153,4039.746643
64,140,4040.046071
103,156,4040.391946
72,142,4040.68765
1,108,4040.918042
152,220,4041.395315
59,137,4041.696655
149,211,4042.154832
55,125,4042.418862
144,212,4042.874002
0,130,4043.152273
148,206,4044.085351
145,202,4044.539563
200,263,4045.112612
65,139,4045.407766
95,173,4045.787404
114,175,4046.27134
45,132,4046.664796
86,136,4046.9875
112,165,4047.341611
127,188,4047.750537
69,122,4048.01614
87,160,4048.835249
173,235,4049.437017
155,209,4049.894367
217,284,4050.524878
64,127,4050.799706
104,155,4051.126686
181,246,4051.664979
164,216,4052.144077
115,175,4052.521769
134,194,4052.950572
84,166,4053.30864
36,114,4054.029047
72,137,4054.347018
0,132,4054.640068
75,150,4054.98112
114,172,4055.363519
87,148,4055.694948
66,145,4056.015215
93,152,4056.345283
79,145,4056.65295
0,114,4056.901037
17,151,4057.227122
59,122,4057.493023
82,178,4057.879466
44,121,4058.1341
115,178,4058.983476
5,125,4059.273292
94,189,4059.69155
59,121,4059.958016
94,180,4060.373935
108,173,4060.777014
85,181,4061.201846
62,125,4061.473329
137,200,4061.912371
143,204,4062.350393
108,170,4062.717666
101,165,4063.070259
10,111,4063.309553
53,139,4064.081682
54,116,4064.343011
91,154,4064.683406
0,130,4064.974556
0,109,4065.237696
58,122,4065.505287
55,127,4065.78872
67,156,4066.133928
108,169,4066.500687
103,182,4066.902118
69,149,4067.226384
99,169,4067.597797
169,231,4068.101539
66,132,4068.821064
144,207,4069.319727
62,121,4069.578958
22,122,4069.844137
71,145,4070.155163
80,134,4070.448513
104,166,4070.800628
68,141,4071.103976
123,184,4071.499143
66,140,4071.796493
126,184,4072.205652
76,137,4072.500409
75,147,4072.826638
136,207,4073.295641
35,109,4074.031946
108,169,4074.431253
77,138,4074.729721
74,157,4075.071903
92,149,4075.391531
95,173,4075.759343
82,146,4076.081158
68,133,4076.362774
0,129,4076.638508
248,307,4077.319877
13,143,4077.627742
95,149,4077.955884
4,124,4078.225435
93,153,4079.02574
13,133,4079.317915
71,142,4079.629193
74,129,4079.914023
58,125,4080.183611
0,138,4080.478609
0,116,4080.723912
107,162,4081.076726
60,117,4081.333239
44,122,4081.605115
2,119,4081.876016
155,218,4082.385071
98,160,4082.733619
3,125,4083.002152
147,209,4083.925344
72,135,4084.228864
72,130,4084.525154
167,228,4085.012844
1,115,4085.254076
65,126,4085.519969
64,129,4085.790664
60,133,4086.070875
0,131,4086.346121
110,167,4086.703538
96,158,4087.048388
66,126,4087.337887
13,106,4087.571376
93,212,4088.04856
0,114,4088.756419
124,186,4089.196768
78,147,4089.508121
150,207,4089.96141
7,106,4090.186182
110,172,4090.561132
64,150,4090.887721
212,272,4091.486264
0,114,4091.732294
10,122,4091.99599
8,129,4092.373949
109,172,4092.854212
4,111,4093.102331
0,120,4093.808347
148,207,4094.294116
83,153,4094.632078
96,157,4094.99166
133,186,4095.42593
31,114,4095.698838
46,103,4095.924087
183,239,4096.449932
45,137,4096.74424
0,93,4096.943103
134,197,4097.36923
113,180,4097.753614
15,119,4098.012286
91,154,4098.775717
120,171,4099.215053
44,158,4099.59138
60,134,4099.897975
59,131,4100.17772
5,126,4100.448831
3,138,4100.747024
15,117,4100.992352
2,99,4101.20746
98,152,4101.537139
85,146,4101.846437
107,156,4102.186312
0,117,4102.434963
67,133,4102.728713
90,147,4103.048335
83,149,4103.857552
199,264,4104.506413
70,130,4104.789903
4,130,4105.063793
84,144,4105.371428
65,132,4105.652962
2,108,4105.874808
71,130,4106.160424
98,157,4106.503695
2,130,4106.78427
85,139,4107.075538
77,139,4107.378932
14,72,4107.540499
101,167,4107.904271
169,229,4108.90526
83,148,4109.246349
97,160,4109.615347
219,282,4110.239035
3,136,4110.535962
46,131,4110.814062
2,110,4111.048343
46,121,4111.307103
87,148,4111.627648
94,158,4111.97398
0,101,4112.185068
91,153,4112.522076
148,205,4112.966515
92,154,4113.737288
154,213,4114.240345
55,120,4114.502157
45,143,4114.820106
57,123,4115.077377
51,122,4115.348862
77,156,4115.694497
128,198,4116.122525
68,138,4116.419539
54,136,4116.711873
37,123,4116.972805
98,159,4117.324642
90,152,4117.642491
130,187,4118.048971
81,142,4118.82453
9,174,4119.222444
3,99,4119.437614
92,152,4119.779483
63,154,4120.100247
103,178,4120.482651
154,216,4120.956481
110,171,4121.326074
32,116,4121.571021
78,139,4121.871205
29,121,4122.139538
33,125,4122.42577
85,174,4122.825028
63,126,4123.111168
10,140,4123.899808
0,121,4124.170231
43,129,4124.459533
174,240,4124.9901
106,167,4125.349097
0,98,4125.559193
53,115,4125.80438
61,144,4126.122414
2,116,4126.37006
111,175,4126.760358
71,134,4127.072035
0,97,4127.298615
59,124,4127.579854
75,136,4127.890525
142,210,4128.831494
106,180,4129.242717
141,203,4129.681152
86,149,4129.999345
0,155,4130.337781
94,146,4130.654799
41,114,4130.896972
4,62,4131.021973
2,114,4131.261166
104,184,4131.658693
0,136,4131.961131
91,149,4132.283958
15,119,4132.540945
3,117,4132.789163
65,148,4133.546857
64,147,4133.924103
102,171,4134.31919
148,205,4134.796533
74,135,4135.183095
99,162,4135.645001
109,174,4136.039605
67,126,4136.30973
84,153,4136.643554
130,200,4137.08186
100,158,4137.415043
77,138,4137.709676
91,164,4138.058859
107,167,4138.873919
184,248,4139.46431
83,135,4139.752724
48,151,4140.082313
34,133,4140.366288
69,129,4140.646427
151,213,4141.107593
17,166,4141.484848
107,161,4141.823963
3,109,4142.065827
60,146,4142.380805
199,262,4142.958374
79,144,4143.715324
95,159,4144.098197
164,228,4144.620182
4,108,4144.861675
97,173,4145.264159
113,175,4145.659167
82,146,4145.999104
0,98,4146.211394
39,136,4146.506151
42,159,4146.852372
143,208,4147.312815
135,196,4147.735914
125,185,4148.13747
94,154,4148.948132
65,129,4149.241198
66,137,4149.547941
158,221,4150.026404
2,124,4150.292115
195,253,4150.846412
102,167,4151.207424
98,172,4151.585991
104,162,4151.935887
59,191,4152.350135
3,128,4152.615448
4,102,4152.829456
10,101,4153.05389
10,52,4153.161156
23,78,4153.820884
159,215,4154.346651
0,107,4154.571918
78,137,4154.859148
1,112,4155.098422
0,124,4155.354613
105,168,4155.725007
155,221,4156.194895
3,49,4156.297615
48,128,4156.572072
147,205,4157.023948
11,105,4157.246375
167,231,4157.759054
164,235,4158.792358
57,154,4159.176509
108,162,4159.535365
26,109,4159.772273
115,182,4160.160286
98,185,4160.561635
56,137,4160.864583
108,172,4161.235862
110,177,4161.622057
93,164,4161.968436
107,172,4162.339801
2,64,4162.465619
103,175,4162.841845
148,219,4163.776054
75,137,4164.09976
0,93,4164.302058
11,52,4164.410643
118,179,4164.806533
152,212,4165.261111
0,100,4165.475404
147,211,4165.94612
97,162,4166.287756
8,48,4166.389952
6,55,4166.507424
134,206,4166.987189
0,63,4167.121286
64,138,4167.441165
6,50,4167.546652
4,130,4167.839215
126,190,4168.71213
7,111,4168.963472
48,151,4169.310266
2,133,4169.600872
154,215,4170.073369
7,52,4170.17884
155,229,4170.67836
130,193,4171.103647
142,200,4171.55485
0,104,4171.788834
107,174,4172.19501
63,154,4172.549536
77,167,4172.930002
0,58,4173.047914
0,120,4173.760281
76,147,4174.119694
0,123,4174.378635
102,154,4174.729242
118,184,4175.126109
197,262,4175.694191
94,157,4176.026848
132,185,4176.432596
55,122,4176.694741
40,142,4176.990506
173,238,4177.622318
6,56,4177.798729
60,160,4178.193749
39,156,4179.019937
33,153,4179.370805
6,209,4179.836908
0,126,4180.10472
115,185,4180.495546
154,223,4180.999092
101,165,4181.379189
90,145,4181.708492
68,132,4181.998485
156,210,4182.452183
3,105,4182.674621
1,133,4182.9561
164,228,4183.910547
150,234,4184.457908
50,123,4184.726271
169,225,4185.228361
4,53,4185.334393
19,123,4185.618604
171,242,4186.184566
129,206,4186.654797
139,203,4187.122582
184,237,4187.65705
96,171,4188.024753
35,125,4188.290068
92,163,4189.116011
89,177,4189.526161
86,176,4189.911214
194,257,4190.476836
129,185,4190.896651
64,131,4191.197613
73,143,4191.519153
57,122,4191.808065
143,205,4192.277164
6,62,4192.401727
19,121,4192.662674
85,177,4193.045942
168,268,4194.110445
105,168,4194.497255
0,141,4194.805824
131,196,4195.235547
164,226,4195.728599
78,171,4196.10188
125,177,4196.499881
234,292,4197.145342
100,156,4197.487581
0,131,4197.76583
150,214,4198.233575
115,178,4199.135076
156,221,4199.668101
17,119,4199.925066
171,250,4200.480715
150,253,4201.064898
80,148,4201.376384
127,185,4201.7856
28,150,4202.100719
69,133,4202.392654
73,144,4202.699311
137,202,4203.139505
78,143,4203.449173
122,176,4204.326689
19,118,4204.590343
223,274,4205.229434
4,113,4205.456261
93,147,4205.771056
92,147,4206.093666
80,164,4206.463186
51,119,4206.738443
72,149,4207.083821
117,186,4207.50896
151,217,4207.983393
71,132,4208.2646
0,136,4209.005692
30,97,4209.241503
3,119,4209.50698
5,63,4209.632207
143,197,4210.068894
106,158,4210.408428
16,177,4210.788782
98,155,4211.133557
73,133,4211.436986
71,123,4211.789585
105,181,4212.316562
120,177,4212.718386
0,111,4212.959118
1,76,4213.114994
126,198,4213.545976
77,152,4214.332361
88,139,4214.646125
110,181,4215.05141
136,192,4215.472877
52,131,4215.752983
74,124,4216.016044
200,267,4216.599003
114,194,4217.038419
6,94,4217.247129
131,182,4217.667235
96,149,4217.98392
4,174,4218.347121
91,175,4219.181135
80,134,4219.490982
135,216,4219.960026
101,156,4220.304784
50,127,4220.572307
163,218,4221.045308
75,129,4221.318212
94,155,4221.645948
111,162,4222.000551
88,168,4222.375192
63,116,4222.642127
0,53,4222.759669
2,146,4223.081699
122,183,4223.493299
5,128,4224.241281
0,106,4224.489907
36,129,4224.767471
0,122,4225.032061
213,265,4225.616965
75,136,4225.909152
99,155,4226.247555
73,137,4226.540014
224,281,4227.17301
116,179,4227.586281
2,147,4227.926808
91,163,4228.296463
93,141,4229.082908
71,154,4229.463382
83,133,4229.759901
5,131,4230.036397
109,163,4230.398436
112,165,4230.761023
87,140,4231.066729
92,154,4231.40155
5,117,4231.6557
126,180,4232.042561
165,235,4232.565113
3,141,4232.873928
56,102,4233.094814
83,131,4233.384519
105,153,4234.218053
1,103,4234.470651
109,161,4234.833234
65,153,4235.176485
87,140,4235.477692
7,172,4235.847448
175,225,4236.343407
187,236,4236.865916
37,126,4237.140316
23,130,4237.421682
130,204,4237.869655
53,152,4238.216837
3,168,4238.599713
109,161,4239.478836
220,281,4240.120182
89,172,4240.487501
27,135,4240.770591
21,108,4241.006665
115,166,4241.36149
155,234,4241.871946
50,150,4242.190062
75,161,4242.546646
90,139,4242.852446
68,144,4243.172707
24,108,4243.482892
70,130,4244.349806
7,84,4244.546943
83,145,4244.876876
5,99,4245.097464
59,153,4245.425352
124,172,4245.803113
74,133,4246.093699
71,124,4246.362067
159,216,4246.829101
132,194,4247.252602
134,187,4247.675229
0,116,4247.924305
63,135,4248.217778
2,105,4248.44515
19,95,4248.649819
121,181,4249.566427
209,268,4250.200339
113,232,4250.721217
192,243,4251.257971
177,229,4251.756921
129,187,4252.167593
124,172,4252.553168
81,134,4252.843942
72,125,4253.111393
88,151,4253.434909
28,108,4253.670698
65,134,4254.452817
68,137,4254.795335
79,135,4255.103444
214,277,4255.714602
0,80,4255.883056
119,179,4256.26647
112,172,4256.637787
138,198,4257.064363
57,152,4257.38631
45,109,4257.621786
117,178,4258.011892
53,112,4258.24929
67,127,4258.531418
4,143,4258.857589
100,159,4259.715453
319,380,4260.599506
166,236,4261.115788
108,171,4261.484972
54,149,4261.806911
102,160,4262.160127
136,205,4262.615312
0,98,4262.822962
144,193,4263.243701
107,187,4263.651359
64,114,4263.908691
66,133,4264.717053
59,159,4265.098202
161,208,4265.564933
24,118,4265.814131
74,136,4266.096885
136,196,4266.517869
190,248,4267.054301
125,185,4267.455824
116,177,4267.83648
86,163,4268.193497
62,150,4268.518315
1,136,4268.80779
151,210,4269.808582
156,215,4270.318291
181,247,4271.034658
67,146,4271.404189
66,138,4271.701017
12,82,4271.866992
3,109,4272.095451
17,78,4272.250644
48,146,4272.575938
34,106,4272.805579
108,169,4273.190775
96,168,4273.571407
135,192,4274.004848
9,52,4274.104813
81,171,4274.945318
52,158,4275.294459
4,109,4275.518658
185,258,4276.087975
65,162,4276.446459
108,184,4276.85921
89,156,4277.206816
3,96,4277.423587
115,186,4277.852581
133,179,4278.265563
73,123,4278.548787
250,325,4279.71466
23,143,4280.048556
102,180,4280.451877
0,93,4280.650389
3,155,4280.982808
142,190,4281.399861
151,225,4281.895369
0,136,4282.19761
125,190,4282.640543
4,144,4282.95479
0,140,4283.273439
11,72,4283.423037
96,206,4283.881733
43,124,4284.149511
0,123,4284.890738
110,203,4285.33774
160,210,4285.795442
183,234,4286.294744
71,141,4286.59701
40,148,4286.911908
110,201,4287.349173
88,150,4287.671599
1,52,4287.780181
56,126,4288.047994
3,97,4288.252797
125,188,4288.654629
2,160,4289.001359
146,235,4290.006549
227,294,4290.665927
122,206,4291.116759
142,192,4291.535782
127,205,4291.984577
191,261,4292.558885
98,150,4292.881519
42,143,4293.186178
114,182,4293.588704
111,201,4294.048738
2,112,4294.797972
71,152,4295.154369
0,124,4295.428256
88,136,4295.723855
1,130,4296.000246
0,145,4296.311366
131,204,4296.747616
4,97,4296.944807
125,178,4297.335122
96,162,4297.696564
220,269,4298.291933
84,132,4298.590894
72,182,4299.006489
109,177,4299.924336
156,206,4300.395347
69,123,4300.656251
132,184,4301.062491
158,267,4301.655603
44,164,4301.998223
94,145,4302.307734
118,174,4302.68003
93,146,4303.00546
85,140,4303.306523
4,121,4303.565544
33,191,4303.996555
102,201,4305.054511
107,157,4305.499853
74,122,4305.775752
1,101,4305.996352
229,309,4306.669204
47,168,4307.02927
34,134,4307.321689
12,161,4307.660115
98,175,4308.033601
120,171,4308.408823
120,168,4308.764108
0,98,4308.984502
41,148,4309.790445
160,208,4310.313972
77,180,4310.712128
169,218,4311.183792
121,173,4311.578148
130,236,4312.074594
139,186,4312.478504
118,187,4312.880013
0,266,4313.455451
7,112,4313.691917
91,151,4314.02405
130,176,4314.914784
125,170,4315.332744
219,268,4315.956741
3,101,4316.159035
0,97,4316.359735
120,201,4316.791767
62,177,4317.171812
133,180,4317.560979
56,148,4317.878857
73,162,4318.229101
67,115,4318.479075
60,179,4318.859784
85,133,4319.144508
180,226,4320.150919
147,194,4320.603779
4,74,4320.769565
96,163,4321.146776
96,142,4321.45891
3,97,4321.670028
114,160,4322.018102
118,163,4322.374896
155,233,4322.884927
130,181,4323.28072
124,172,4323.658885
3,199,4324.092016
17,114,4324.793015
94,145,4325.171935
116,163,4325.554413
0,211,4326.041647
126,243,4326.585365
27,112,4326.826243
57,166,4327.190299
94,143,4327.509477
0,120,4327.772509
97,145,4328.084374
92,136,4328.387294
173,250,4328.938554
64,126,4329.208931
80,133,4329.987227
83,232,4330.568792
169,219,4331.0876
191,237,4331.618609
167,213,4332.0769
106,158,4332.416786
3,112,4332.653614
11,118,4332.906282
75,219,4333.372279
108,167,4333.734633
207,256,4334.283201
126,231,4335.387903
53,140,4335.790483
73,125,4336.081114
7,110,4336.323352
151,202,4336.769974
233,297,4337.440884
224,272,4338.076114
82,137,4338.382055
83,132,4338.679273
51,116,4338.93534
8,112,4339.178085
87,139,4339.472253
80,138,4340.222824
3,102,4340.47373
45,126,4340.752964
27,110,4340.991746
98,229,4341.500833
135,260,4342.083199
27,118,4342.341092
172,308,4343.050541
72,125,4343.331885
0,85,4343.525143
26,228,4344.048236
2,101,4344.279493
179,231,4345.245275
6,59,4345.379741
5,142,4345.71277
264,311,4346.406152
139,220,4346.881974
12,136,4347.169302
2,138,4347.465113
164,211,4347.936113
198,316,4348.659296
74,127,4348.945537
69,118,4349.216008
172,220,4349.709993
7,83,4350.330866
6,60,4350.460753
70,154,4350.807679
81,131,4351.091832
117,170,4351.464878
61,132,4351.753346
53,123,4352.01046
129,178,4352.406939
90,181,4352.8066
2,143,4353.132152
119,170,4353.522593
145,203,4353.989342
128,179,4354.408351
99,159,4354.770693
289,339,4356.007138
172,249,4356.552447
38,180,4356.939269
112,195,4357.354447
114,165,4357.711708
225,287,4358.360108
200,285,4359.022333
164,211,4359.665316
167,246,4360.715807
1,114,4360.976696
59,140,4361.301162
166,214,4361.76941
94,248,4362.296781
60,117,4362.548984
7,224,4363.062502
105,232,4363.599863
130,255,4364.189396
106,154,4364.537793
159,258,4365.528901
69,119,4365.819145
224,272,4366.439076
105,166,4366.805119
113,161,4367.149917
214,302,4367.804954
26,113,4368.069556
6,164,4368.412019
0,139,4368.711672
4,145,4369.033319
67,132,4369.327849
27,115,4369.59099
268,317,4370.82672
66,145,4371.158691
186,252,4371.693911
55,131,4371.977267
163,287,4372.604934
35,175,4372.99366
75,151,4373.310798
0,116,4373.551641
49,139,4373.855543
136,243,4374.413548
272,345,4375.648909
129,191,4376.096808
84,172,4376.485691
371,436,4377.439838
176,256,4377.992516
64,172,4378.365908
69,123,4378.624143
131,195,4379.048586
138,376,4379.863508
102,200,4380.775471
3,262,4381.355987
113,187,4381.769852
106,203,4382.206791
98,188,4382.616809
71,120,4382.87732
284,346,4383.682093
84,180,4384.078925
192,253,4384.62423
47,133,4384.91625
116,192,4385.805852
1,96,4386.025461
201,289,4386.664478
300,379,4387.493469
102,217,4387.967929
43,125,4388.237778
2,228,4388.729551
46,152,4389.057926
67,135,4389.342368
27,138,4389.636585
2,110,4389.86413
101,174,4390.718509
4,119,4390.988024
169,221,4391.486014
143,257,4392.042438
0,104,4392.261364
172,222,4392.753572
81,167,4393.114115
148,222,4393.603306
53,176,4393.98432
5,113,4394.228054
191,291,4394.866037
214,279,4396.023122
2,213,4396.503032
163,223,4397.002866
345,427,4397.966489
271,328,4398.688697
2,93,4398.882379
4,125,4399.141297
206,256,4399.713974
116,190,4400.632437
73,124,4401.032306
60,158,4401.478904
470,547,4402.746042
57,134,4403.05471
11,146,4403.370988
260,325,4404.093493
171,269,4404.691163
97,200,4405.14595
214,309,4406.379247
221,281,4407.000733
3,149,4407.318276
251,311,4407.995521
99,204,4408.440029
78,169,4408.809926
202,263,4409.378089
113,163,4409.742599
0,99,4409.957044
236,299,4411.124198
3,129,4411.428138
237,300,4412.125479
184,261,4412.688628
56,250,4413.225359
47,117,4413.477206
37,132,4413.759782
186,253,4414.307365
1,82,4414.481624
184,273,4415.111309
96,178,4416.00396
235,383,4416.918205
261,401,4417.804901
44,115,4418.048339
67,142,4418.357857
1,212,4418.811733
110,241,4419.33304
160,259,4419.90609
80,149,4420.229398
169,255,4421.32067
144,281,4421.980088
194,257,4422.57269
4,128,4422.964573
2,99,4423.242464
32,143,4423.567025
280,335,4424.296031
348,474,4425.323475
79,147,4425.629292
189,238,4426.629931
359,567,4427.917341
333,392,4428.807935
55,139,4429.109708
102,172,4429.485543
77,254,4430.041388
147,194,4430.475787
133,182,4431.374667
105,216,4431.895029
607,759,4433.62637
139,395,4434.484046
5,149,4434.80412
82,210,4435.255345
8,127,4435.516355
118,320,4436.732633
114,164,4437.118513
82,214,4437.596506
158,208,4438.0574
47,119,4438.305711
4,131,4438.587066
2,98,4438.789114
17,125,4439.057249
305,373,4439.868644
218,269,4440.444554
1,106,4440.669325
299,512,4442.368827
226,302,4443.094203
222,273,4443.705844
9,104,4443.92118
0,82,4444.088872
92,144,4444.395183
324,383,4445.234061
520,689,4447.270437
258,351,4448.084535
119,265,4448.671697
318,398,4449.534453
347,411,4450.444827
35,98,4450.650749
41,147,4450.962717
153,503,4452.617853
266,351,4453.624101
425,492,4454.741592
4,101,4454.97852
251,341,4455.731041
2,177,4456.122595
